00000 0.000000e+00 -3.039322e-15 -1.294455e-15 -7.962667e-17 -6.514938e-18 -1.831684e-18 1.359992e-20
 00000 0.000000e+00 8.212562e-14 -2.880121e-15 -1.028963e-14 -4.190335e-15 -1.033802e-15 -2.539385e-16
 00000 0.000000e+00 -2.997774e-15 -8.199660e-17 -4.758273e-17 2.541607e-17 7.093374e-18 4.136470e-19
 00100 1.832052e-01 -3.153252e-06 -1.247107e-05 -4.759268e-05 -1.582337e-04 -3.246441e-04 -3.830588e-04
 00000 0.000000e+00 1.811145e-13 4.303497e-14 7.686672e-15 2.015265e-15 5.670529e-16 1.023504e-16
 00100 2.132410e-01 1.041277e-06 4.300789e-06 1.902058e-05 1.012193e-04 6.321894e-04 2.126678e-03
 00000 0.000000e+00 -1.090181e-12 -2.359840e-13 -1.144732e-13 -5.138700e-14 -1.172891e-14 -1.598880e-16
 00100 3.329974e-01 -1.176214e-05 -3.275881e-05 4.986534e-05 1.309860e-03 2.209428e-03 4.365410e-05
 00200 5.834810e-01 -2.439301e-04 -8.829636e-04 -2.335628e-03 -6.389166e-04 4.049703e-03 8.503068e-05
 00300 7.888607e-01 -7.865392e-04 -2.875689e-03 -8.077474e-03 -7.605466e-03 3.810790e-03 9.182213e-05
 00400 9.705756e-01 -1.759961e-03 -6.422438e-03 -1.814618e-02 -2.075878e-02 7.434701e-04 5.199145e-05
 00000 0.000000e+00 3.330274e-12 8.546446e-13 2.381943e-13 6.174466e-14 8.767270e-15 1.153702e-16
 00100 3.377908e-01 -2.081490e-04 -7.912335e-04 -2.592761e-03 -4.959059e-03 -1.985857e-03 -2.335464e-05
 00200 5.949306e-01 -8.068252e-04 -3.036776e-03 -9.592273e-03 -1.619104e-02 -4.228724e-03 -2.905330e-05
 00300 8.088319e-01 -1.807393e-03 -6.729438e-03 -2.050460e-02 -3.155503e-02 -6.191930e-03 -1.701367e-05
 00400 1.001499e+00 -3.274107e-03 -1.200741e-02 -3.496948e-02 -4.909202e-02 -7.880470e-03 1.726599e-06
 00000 0.000000e+00 2.683204e-15 -3.965306e-16 -3.080307e-15 -5.308621e-16 6.153726e-17 1.020791e-18
 00100 3.069476e-01 -2.194865e-04 -8.410397e-04 -2.844627e-03 -6.176501e-03 -3.715743e-03 -5.942047e-05
 00200 5.381590e-01 -6.980082e-04 -2.644937e-03 -8.578053e-03 -1.622445e-02 -7.535920e-03 -1.130221e-04
 00300 7.288019e-01 -1.472525e-03 -5.518480e-03 -1.720342e-02 -2.878074e-02 -1.008291e-02 -1.364754e-04
 00400 8.987324e-01 -2.654824e-03 -9.817428e-03 -2.928137e-02 -4.339393e-02 -1.102545e-02 -1.253565e-04
 00000 0.000000e+00 -1.415075e-12 -1.564444e-13 -1.481072e-14 -4.755202e-16 -3.844649e-15 -5.552354e-17
 00100 3.402960e-01 -1.903179e-04 -7.243122e-04 -2.390645e-03 -4.855449e-03 -2.939714e-03 -5.197378e-05
 00200 5.962281e-01 -8.198720e-04 -3.078235e-03 -9.651205e-03 -1.637373e-02 -6.458410e-03 -9.940384e-05
 00300 8.048011e-01 -2.006799e-03 -7.431325e-03 -2.222019e-02 -3.285522e-02 -8.959452e-03 -1.148356e-04
 00400 9.879674e-01 -3.920159e-03 -1.425938e-02 -4.035705e-02 -5.224317e-02 -9.755232e-03 -9.263887e-05
 00000 0.000000e+00 -8.580879e-13 -1.516177e-13 -2.209880e-14 -8.684154e-15 -1.603303e-15 -2.032514e-17
 00100 3.471382e-01 -2.959092e-04 -1.113935e-03 -3.511533e-03 -5.746633e-03 -9.764739e-04 4.965971e-06
 00200 6.075089e-01 -1.295902e-03 -4.848413e-03 -1.497670e-02 -2.357507e-02 -5.078453e-03 -2.140270e-05
 00300 8.201150e-01 -3.022595e-03 -1.120721e-02 -3.368183e-02 -5.051758e-02 -1.161391e-02 -7.957291e-05
 00000 0.000000e+00 1.055534e-12 1.427609e-13 3.123313e-14 4.552787e-15 5.547644e-16 4.546970e-18
 00100 3.111573e-01 -1.869004e-04 -6.845964e-04 -1.922562e-03 -1.593512e-03 1.647207e-03 4.175104e-05
 00200 5.465664e-01 -1.073451e-03 -3.949473e-03 -1.139722e-02 -1.308701e-02 2.244077e-03 8.767084e-05
 00300 7.411065e-01 -2.669503e-03 -9.761249e-03 -2.772357e-02 -3.237269e-02 1.509794e-03 1.225103e-04
 00400 9.141055e-01 -4.937707e-03 -1.785022e-02 -4.913563e-02 -5.548354e-02 -8.689403e-05 1.433100e-04
 00000 0.000000e+00 8.489978e-11 2.455399e-11 2.346974e-12 1.506052e-14 6.154224e-22 2.350989e-38
 00100 9.014323e-01 -2.596861e-02 -4.153993e-02 -1.169471e-02 -1.144535e-04 -4.238387e-12 -3.786532e-29
 00000 0.000000e+00 -6.872507e-12 -2.100305e-12 1.272886e-13 -3.791054e-14 -5.431632e-16 -2.150670e-23
 00100 5.174908e-01 -2.332690e-03 -7.368298e-03 -1.215919e-02 -2.441715e-03 -7.867548e-06 -2.557954e-13
 00200 9.006703e-01 -7.809762e-03 -2.242961e-02 -2.622239e-02 5.146248e-03 1.892484e-04 7.389644e-12
 00000 0.000000e+00 -1.532693e-12 -6.363674e-13 -1.564392e-13 -4.488325e-14 -1.419466e-14 -1.966417e-16
 00100 3.047674e-01 -2.169535e-04 -8.319155e-04 -2.820250e-03 -6.154736e-03 -3.642706e-03 -5.640776e-05
 00200 5.340462e-01 -6.749816e-04 -2.561650e-03 -8.356838e-03 -1.609840e-02 -7.434605e-03 -1.044302e-04
 00300 7.240725e-01 -1.389045e-03 -5.219174e-03 -1.643420e-02 -2.848101e-02 -1.037247e-02 -1.286677e-04
 00400 8.945126e-01 -2.450204e-03 -9.099877e-03 -2.757893e-02 -4.325204e-02 -1.249254e-02 -1.318546e-04
 00000 0.000000e+00 8.266982e-15 2.485482e-14 3.396389e-15 4.456156e-16 3.972065e-17 2.004283e-17
 00100 1.967771e-01 -1.123920e-05 -4.443293e-05 -1.698628e-04 -5.696807e-04 -1.204347e-03 -7.041451e-04
 00200 3.519408e-01 -3.884779e-05 -1.532477e-04 -5.803788e-04 -1.876372e-03 -3.472327e-03 -1.541042e-03
 00300 4.785092e-01 -8.132961e-05 -3.203610e-04 -1.206059e-03 -3.809690e-03 -6.466248e-03 -2.287718e-03
 00400 5.902457e-01 -1.398530e-04 -5.502095e-04 -2.060622e-03 -6.383358e-03 -1.012141e-02 -2.938440e-03
 00500 6.923434e-01 -2.166331e-04 -8.510696e-04 -3.170530e-03 -9.636852e-03 -1.438275e-02 -3.483033e-03
 00600 7.875110e-01 -3.148774e-04 -1.235189e-03 -4.574915e-03 -1.363237e-02 -1.920767e-02 -3.909157e-03
 00700 8.774074e-01 -4.389212e-04 -1.718841e-03 -6.324660e-03 -1.844823e-02 -2.456449e-02 -4.204392e-03
 00800 9.631510e-01 -5.942807e-04 -2.322382e-03 -8.480811e-03 -2.416868e-02 -3.042751e-02 -4.358070e-03
 00000 0.000000e+00 -5.145255e-14 8.868477e-15 -3.539719e-16 -1.009996e-16 8.189036e-17 1.338585e-18
 00100 3.163203e-01 -1.906586e-04 -7.314532e-04 -2.486889e-03 -5.499556e-03 -3.422404e-03 -5.516600e-05
 00200 5.530255e-01 -6.412893e-04 -2.439589e-03 -8.036067e-03 -1.607354e-02 -8.390129e-03 -1.290412e-04
 00300 7.482527e-01 -1.388114e-03 -5.239009e-03 -1.678094e-02 -3.092261e-02 -1.375036e-02 -1.994055e-04
 00400 9.224678e-01 -2.528172e-03 -9.452213e-03 -2.933972e-02 -4.983785e-02 -1.887817e-02 -2.541964e-04
 00000 0.000000e+00 1.473086e-12 3.386197e-13 1.026932e-13 9.290575e-15 -4.661071e-16 -6.073981e-18
 00100 3.142288e-01 -1.503180e-04 -5.661177e-04 -1.785879e-03 -2.877606e-03 -4.294090e-04 1.632644e-06
 00200 5.502525e-01 -6.779614e-04 -2.536223e-03 -7.804601e-03 -1.151427e-02 -5.411013e-04 3.069267e-05
 00300 7.441367e-01 -1.566635e-03 -5.813148e-03 -1.740323e-02 -2.380626e-02 2.388261e-04 8.976804e-05
 00400 9.163036e-01 -2.815899e-03 -1.033595e-02 -2.990127e-02 -3.762059e-02 2.199535e-03 1.745453e-04
 00000 0.000000e+00 4.815848e-13 3.947161e-14 8.876682e-15 -1.423258e-15 -6.694088e-16 -9.488989e-18
 00100 3.137787e-01 -4.618961e-04 -1.739102e-03 -5.503736e-03 -9.555340e-03 -3.518637e-03 -4.399172e-05
 00200 5.513029e-01 -1.852504e-03 -6.895018e-03 -2.090941e-02 -3.140167e-02 -7.622546e-03 -7.543794e-05
 00300 7.473771e-01 -4.184417e-03 -1.539607e-02 -4.498378e-02 -6.137840e-02 -1.114821e-02 -8.318455e-05
 00400 9.219115e-01 -7.487973e-03 -2.713078e-02 -7.592556e-02 -9.521551e-02 -1.400512e-02 -7.487032e-05
 00000 0.000000e+00 -8.978406e-13 -8.758735e-14 -9.822383e-15 -2.191528e-15 -4.810942e-16 -6.080003e-18
 00100 3.223281e-01 -1.067619e-04 -3.795912e-04 -9.156314e-04 3.962826e-04 2.214218e-03 4.090487e-05
 00200 5.654849e-01 -8.357321e-04 -3.055256e-03 -8.571043e-03 -8.183246e-03 3.043838e-03 7.173798e-05
 00300 7.668320e-01 -2.209605e-03 -8.043846e-03 -2.247254e-02 -2.439378e-02 1.893859e-03 7.844483e-05
 00400 9.474514e-01 -4.276698e-03 -1.537282e-02 -4.167314e-02 -4.563010e-02 -9.609687e-04 6.273430e-05
 00000 0.000000e+00 -6.454930e-11 -1.251570e-11 -3.320707e-12 -4.057442e-14 -1.601422e-21 -2.115890e-37
 00100 9.606328e-01 -2.689259e-02 -3.736702e-02 -9.157901e-03 -1.147088e-04 -4.298784e-12 -2.776790e-28
 00000 0.000000e+00 2.236065e-11 7.948184e-12 1.605453e-12 9.938538e-14 1.087535e-15 3.805031e-23
 00100 5.391460e-01 1.827598e-03 6.886437e-03 1.959134e-02 1.498190e-02 2.321755e-04 8.753887e-12
 00200 9.349971e-01 6.908737e-05 3.598133e-03 2.684364e-02 2.972979e-02 4.966561e-04 1.870148e-11
 00000 0.000000e+00 2.509298e-13 9.033313e-14 -1.890129e-16 -3.818670e-15 -8.872586e-16 -1.255599e-17
 00100 3.471536e-01 -3.939352e-04 -1.474544e-03 -4.556754e-03 -7.203550e-03 -2.133501e-03 -2.627901e-05
 00200 6.100288e-01 -1.748823e-03 -6.482285e-03 -1.934201e-02 -2.718308e-02 -5.192738e-03 -4.777776e-05
 00300 8.271544e-01 -4.086623e-03 -1.496361e-02 -4.303584e-02 -5.579685e-02 -8.415232e-03 -6.123501e-05
 00000 0.000000e+00 1.545925e-13 3.876145e-14 7.698581e-15 5.655199e-16 7.896933e-17 -3.725131e-17
 00100 2.025815e-01 -3.095635e-05 -1.226412e-04 -4.723336e-04 -1.628842e-03 -3.746514e-03 -2.404740e-03
 00200 3.618824e-01 -8.937297e-05 -3.534830e-04 -1.352320e-03 -4.546694e-03 -9.639259e-03 -5.386277e-03
 00300 4.921002e-01 -1.701037e-04 -6.718524e-04 -2.556170e-03 -8.418837e-03 -1.669171e-02 -8.185673e-03
 00400 6.074076e-01 -2.759332e-04 -1.088368e-03 -4.119050e-03 -1.330754e-02 -2.485653e-02 -1.076584e-02
 00500 7.131892e-01 -4.106080e-04 -1.617218e-03 -6.085966e-03 -1.927789e-02 -3.402577e-02 -1.307611e-02
 00600 8.122385e-01 -5.788691e-04 -2.276151e-03 -8.511489e-03 -2.639219e-02 -4.402942e-02 -1.505511e-02
 00700 9.062162e-01 -7.866137e-04 -3.086949e-03 -1.145911e-02 -3.470230e-02 -5.463621e-02 -1.663368e-02
 00800 9.962872e-01 -1.041299e-03 -4.076956e-03 -1.500476e-02 -4.425428e-02 -6.557644e-02 -1.774264e-02
 00000 0.000000e+00 2.648420e-14 1.744106e-14 2.659563e-15 2.926774e-17 2.113481e-17 1.144260e-19
 00100 3.332549e-01 -9.663789e-06 -2.780370e-05 2.424403e-05 8.796517e-04 1.254916e-03 2.107545e-05
 00200 5.832080e-01 -2.824152e-04 -1.041093e-03 -3.011049e-03 -3.192660e-03 9.532479e-04 2.160945e-05
 00300 7.883648e-01 -8.814223e-04 -3.259400e-03 -9.637257e-03 -1.286562e-02 -1.477680e-03 -8.557941e-06
 00400 9.706487e-01 -1.911208e-03 -7.028022e-03 -2.054786e-02 -2.843444e-02 -5.939700e-03 -6.599327e-05
 00000 0.000000e+00 -8.817554e-14 -8.631557e-15 -5.004172e-16 -1.847521e-16 -2.047381e-18 2.626906e-19
 00100 3.240731e-01 -3.410514e-04 -1.311339e-03 -4.493271e-03 -1.010149e-02 -6.089884e-03 -9.259355e-05
 00200 5.697164e-01 -9.008825e-04 -3.434629e-03 -1.140760e-02 -2.333941e-02 -1.211663e-02 -1.786160e-04
 00300 7.731616e-01 -1.654332e-03 -6.244586e-03 -2.002175e-02 -3.705321e-02 -1.628200e-02 -2.312749e-04
 00400 9.550821e-01 -2.681860e-03 -9.992141e-03 -3.066704e-02 -5.060565e-02 -1.837511e-02 -2.507441e-04
 00000 0.000000e+00 -6.062410e-14 -9.356969e-15 -2.094877e-15 -1.282951e-16 4.130859e-17 7.609772e-19
 00100 2.990251e-01 -1.324468e-04 -5.052101e-04 -1.678688e-03 -3.437245e-03 -1.916781e-03 -3.118749e-05
 00200 5.240633e-01 -4.999029e-04 -1.888027e-03 -6.043182e-03 -1.083678e-02 -4.483691e-03 -6.760089e-05
 00300 7.102447e-01 -1.154119e-03 -4.322317e-03 -1.342432e-02 -2.192798e-02 -7.143653e-03 -9.835897e-05
 00400 8.767787e-01 -2.207806e-03 -8.181375e-03 -2.455659e-02 -3.677199e-02 -9.684603e-03 -1.194369e-04
 00000 0.000000e+00 -1.807813e-14 -7.995940e-15 3.196364e-15 5.502628e-16 6.829173e-17 7.710148e-19
 00100 3.273685e-01 1.249144e-04 4.944298e-04 1.878770e-03 5.523138e-03 4.577934e-03 7.459714e-05
 00200 5.747020e-01 9.282283e-05 4.195470e-04 2.230825e-03 1.026877e-02 1.078574e-02 1.800890e-04
 00300 7.803280e-01 -2.315213e-04 -7.179128e-04 -3.775400e-04 1.165752e-02 1.668791e-02 2.832137e-04
 00400 9.656459e-01 -9.899531e-04 -3.399814e-03 -7.044982e-03 8.457012e-03 2.132867e-02 3.679626e-04
 00000 0.000000e+00 -4.519187e-14 -1.344888e-14 -1.175263e-15 -8.296623e-17 -6.051580e-17 -8.993646e-19
 00100 3.327103e-01 -5.343981e-05 -1.932135e-04 -5.020840e-04 5.735538e-05 1.441822e-03 3.157535e-05
 00200 5.836614e-01 -3.998336e-04 -1.474419e-03 -4.257711e-03 -4.141917e-03 3.343178e-03 8.854033e-05
 00300 7.887267e-01 -1.049920e-03 -3.858016e-03 -1.107743e-02 -1.184609e-02 5.236396e-03 1.548129e-04
 00400 9.693119e-01 -2.026038e-03 -7.380910e-03 -2.070707e-02 -2.207694e-02 6.819677e-03 2.169196e-04
 00000 0.000000e+00 -2.285819e-13 6.832212e-15 5.064159e-14 1.591458e-14 2.737615e-15 3.738493e-17
 00100 3.124357e-01 -2.861511e-04 -1.083029e-03 -3.502064e-03 -6.662592e-03 -3.486953e-03 -5.690862e-05
 00200 5.481240e-01 -1.265737e-03 -4.746961e-03 -1.483215e-02 -2.505719e-02 -9.361474e-03 -1.269483e-04
 00300 7.428496e-01 -2.965322e-03 -1.101250e-02 -3.332685e-02 -5.202828e-02 -1.614583e-02 -1.906388e-04
 00400 9.164858e-01 -5.455513e-03 -1.997918e-02 -5.807083e-02 -8.383831e-02 -2.281943e-02 -2.424695e-04
 00000 0.000000e+00 -2.273372e-12 -9.003611e-13 -2.472038e-13 -5.430136e-14 -7.612133e-15 -1.012237e-16
 00100 3.473072e-01 -2.088077e-04 -7.941367e-04 -2.604929e-03 -4.982618e-03 -1.938879e-03 -2.197576e-05
 00200 6.112764e-01 -7.811643e-04 -2.943712e-03 -9.335137e-03 -1.595250e-02 -4.358269e-03 -3.417994e-05
 00300 8.291284e-01 -1.662193e-03 -6.196822e-03 -1.895632e-02 -2.941217e-02 -6.056642e-03 -2.807525e-05
 00000 0.000000e+00 -1.713426e-12 -5.603775e-13 -1.688235e-13 -3.171670e-14 -5.793486e-15 -7.722402e-17
 00100 3.106279e-01 -3.747328e-04 -1.433074e-03 -4.809462e-03 -1.008004e-02 -5.341736e-03 -7.793701e-05
 00200 5.480266e-01 -1.232241e-03 -4.665340e-03 -1.508489e-02 -2.801132e-02 -1.135988e-02 -1.475973e-04
 00300 7.474440e-01 -2.557637e-03 -9.578728e-03 -2.984649e-02 -5.011237e-02 -1.629272e-02 -1.877714e-04
 00400 9.275755e-01 -4.438018e-03 -1.637843e-02 -4.875401e-02 -7.376036e-02 -1.962762e-02 -2.003422e-04
 00000 0.000000e+00 -1.579022e-12 -4.205406e-13 -1.035958e-13 -1.461927e-14 2.752831e-15 4.222886e-17
 00100 3.368347e-01 -2.494939e-04 -9.512475e-04 -3.152678e-03 -6.271990e-03 -2.717704e-03 -3.284438e-05
 00200 5.918249e-01 -8.756509e-04 -3.306470e-03 -1.057957e-02 -1.885329e-02 -6.190386e-03 -6.075578e-05
 00300 8.012062e-01 -1.864405e-03 -6.959261e-03 -2.143983e-02 -3.484968e-02 -9.501209e-03 -7.915501e-05
 00400 9.861666e-01 -3.288517e-03 -1.207901e-02 -3.547135e-02 -5.233032e-02 -1.232832e-02 -9.163810e-05
 00000 0.000000e+00 -8.252344e-13 -1.774856e-13 1.276748e-14 -1.252575e-14 -7.174903e-15 -1.023348e-16
 00100 3.032327e-01 -1.971434e-04 -7.448232e-04 -2.374665e-03 -3.981188e-03 -7.586813e-04 -1.239976e-06
 00200 5.321658e-01 -7.853881e-04 -2.935945e-03 -8.991464e-03 -1.278755e-02 3.829096e-04 5.284485e-05
 00300 7.203634e-01 -1.717920e-03 -6.351473e-03 -1.870476e-02 -2.322273e-02 4.054925e-03 1.604158e-04
 00400 8.879119e-01 -2.972519e-03 -1.083565e-02 -3.042305e-02 -3.227222e-02 1.027044e-02 3.055413e-04
 00000 0.000000e+00 -1.134348e-13 -5.538164e-14 -3.695509e-14 -7.026489e-15 -6.944748e-16 -5.857476e-18
 00100 3.203155e-01 -3.304303e-04 -1.243945e-03 -3.930504e-03 -6.711062e-03 -2.363237e-03 -3.044496e-05
 00200 5.590485e-01 -1.399050e-03 -5.227072e-03 -1.606142e-02 -2.495375e-02 -6.250027e-03 -5.914606e-05
 00300 7.537020e-01 -3.079824e-03 -1.141448e-02 -3.417682e-02 -5.006117e-02 -1.077887e-02 -8.055111e-05
 00400 9.256322e-01 -5.283436e-03 -1.937022e-02 -5.618222e-02 -7.783522e-02 -1.556596e-02 -9.947830e-05
 00000 0.000000e+00 -1.818008e-12 -3.572632e-13 -8.685552e-14 -1.555895e-14 -5.251499e-16 -5.839284e-18
 00100 3.486958e-01 -1.273972e-04 -4.794110e-04 -1.503036e-03 -2.292626e-03 1.499401e-04 1.621058e-05
 00200 6.130694e-01 -5.185022e-04 -1.943526e-03 -6.021154e-03 -9.145987e-03 -7.009713e-04 2.303295e-05
 00300 8.308787e-01 -1.199107e-03 -4.471309e-03 -1.363699e-02 -2.035338e-02 -2.985125e-03 6.549478e-06
 00000 0.000000e+00 -1.597335e-12 -5.754634e-13 -9.548532e-14 -1.656949e-14 -5.266503e-15 -7.254950e-17
 00100 3.344830e-01 -8.783373e-05 -3.206743e-04 -8.748617e-04 -2.911625e-04 1.875731e-03 4.372482e-05
 00200 5.893870e-01 -5.364914e-04 -1.978304e-03 -5.717772e-03 -5.787994e-03 3.582304e-03 9.600018e-05
 00300 8.016385e-01 -1.424670e-03 -5.227189e-03 -1.496838e-02 -1.671308e-02 3.896874e-03 1.275250e-04
 00400 9.935058e-01 -2.927454e-03 -1.061534e-02 -2.954466e-02 -3.342647e-02 2.043820e-03 1.207507e-04
 00000 0.000000e+00 7.373509e-13 1.229380e-13 -4.288806e-14 -1.868096e-14 -3.311923e-15 -4.357896e-17
 00100 3.203725e-01 -6.083096e-05 -2.249179e-04 -6.529167e-04 -6.639492e-04 2.598080e-04 4.976667e-06
 00200 5.623244e-01 -4.159214e-04 -1.544137e-03 -4.600276e-03 -5.909883e-03 5.371985e-05 1.051497e-05
 00300 7.614347e-01 -1.181360e-03 -4.363792e-03 -1.283353e-02 -1.663467e-02 -9.222534e-04 1.286894e-05
 00400 9.381873e-01 -2.523426e-03 -9.234954e-03 -2.646394e-02 -3.333914e-02 -2.806270e-03 9.916825e-06
 00000 0.000000e+00 1.765398e-12 5.615628e-13 1.603478e-13 1.590960e-14 1.413458e-15 2.049215e-17
 00100 2.973422e-01 -1.170752e-04 -4.455443e-04 -1.465328e-03 -2.848865e-03 -1.231525e-03 -1.605362e-05
 00200 5.224489e-01 -3.100373e-04 -1.152810e-03 -3.451732e-03 -4.350640e-03 1.011491e-03 3.709649e-05
 00300 7.092332e-01 -5.710769e-04 -2.071889e-03 -5.600506e-03 -3.282837e-03 7.052953e-03 1.598649e-04
 00400 8.764920e-01 -9.237751e-04 -3.263004e-03 -7.875578e-03 5.927719e-04 1.606157e-02 3.307090e-04
 00000 0.000000e+00 1.932837e-13 -1.219979e-14 -5.600448e-15 -3.811114e-15 -8.290338e-16 -1.034355e-17
 00100 3.098553e-01 -1.215232e-04 -4.415859e-04 -1.185017e-03 -3.674356e-04 2.405680e-03 5.688274e-05
 00200 5.441632e-01 -6.367522e-04 -2.331516e-03 -6.551126e-03 -5.703367e-03 4.572017e-03 1.133811e-04
 00300 7.380753e-01 -1.522934e-03 -5.561778e-03 -1.560338e-02 -1.565297e-02 4.997333e-03 1.369158e-04
 00400 9.115531e-01 -2.753275e-03 -9.990038e-03 -2.765290e-02 -2.963407e-02 2.580306e-03 1.079210e-04
 00000 0.000000e+00 7.991861e-13 4.428492e-13 1.325259e-13 6.361857e-14 1.619470e-14 2.232725e-16
 00100 3.361672e-01 -1.743046e-04 -6.635605e-04 -2.190202e-03 -4.436237e-03 -2.634609e-03 -4.604425e-05
 00200 5.913219e-01 -7.875920e-04 -2.965350e-03 -9.390134e-03 -1.642591e-02 -6.725176e-03 -1.017432e-04
 00300 8.002028e-01 -1.943282e-03 -7.232047e-03 -2.203059e-02 -3.471971e-02 -1.104024e-02 -1.460271e-04
 00400 9.835970e-01 -3.794879e-03 -1.388043e-02 -4.024039e-02 -5.727395e-02 -1.494708e-02 -1.748120e-04
 00000 0.000000e+00 -1.997254e-12 -3.099664e-13 -7.308778e-14 -3.606956e-14 -1.257015e-14 -1.742788e-16
 00100 3.181534e-01 -8.436851e-05 -3.193482e-04 -1.031252e-03 -1.942074e-03 -1.124661e-03 -2.165090e-05
 00200 5.599604e-01 -4.538149e-04 -1.702742e-03 -5.311867e-03 -8.637612e-03 -2.826748e-03 -4.211283e-05
 00300 7.607094e-01 -1.205865e-03 -4.485284e-03 -1.358330e-02 -2.024746e-02 -4.635464e-03 -5.070759e-05
 00400 9.412503e-01 -2.473422e-03 -9.083748e-03 -2.647806e-02 -3.627275e-02 -6.301841e-03 -4.582083e-05
 00000 0.000000e+00 -1.443899e-12 -9.042612e-13 -2.724881e-13 -6.440031e-14 -9.710627e-15 -1.298065e-16
 00100 3.127884e-01 9.245705e-05 3.684130e-04 1.430400e-03 4.449251e-03 4.079932e-03 7.084778e-05
 00200 5.482407e-01 2.133800e-05 1.322282e-04 1.090694e-03 6.837422e-03 8.477401e-03 1.517089e-04
 00300 7.427515e-01 -3.029741e-04 -1.041911e-03 -2.063108e-03 4.834962e-03 1.100691e-02 2.014786e-04
 00400 9.166068e-01 -9.778179e-04 -3.499006e-03 -8.948121e-03 -2.975015e-03 1.062115e-02 2.015468e-04
 00000 0.000000e+00 2.771645e-11 -2.248778e-12 -2.445768e-12 -3.127800e-14 -1.177905e-21 -1.763242e-38
 00100 8.886056e-01 -1.004935e-02 -1.148908e-03 1.903788e-02 4.087809e-04 1.536193e-11 0.000000e+00
 00000 0.000000e+00 7.555546e-11 2.002201e-11 1.853012e-12 2.711646e-14 1.078644e-21 -2.057115e-37
 00100 8.504063e-01 -2.633032e-02 -3.880943e-02 -6.675168e-03 -2.190050e-05 -8.064660e-13 -6.310887e-30
 00000 0.000000e+00 6.199131e-11 1.378720e-11 8.348172e-13 4.867014e-15 2.150670e-22 -5.877472e-39
 00100 9.583589e-01 -1.376501e-02 -1.840850e-03 2.093357e-02 4.190589e-04 1.574563e-11 3.155444e-29
 00000 0.000000e+00 -1.131953e-11 -5.027613e-12 5.787425e-13 1.958978e-14 6.518183e-22 -3.526483e-38
 00100 9.031817e-01 -1.741718e-02 -2.432909e-02 -6.416036e-03 -9.619886e-05 -3.604228e-12 -2.051038e-29
 00000 0.000000e+00 3.109855e-11 1.359758e-11 -8.319577e-13 -2.292067e-14 -6.005331e-22 -1.337125e-37
 00100 9.168801e-01 -2.848417e-02 -4.579642e-02 -1.200642e-02 -9.412072e-05 -3.204992e-12 -1.372618e-28
 00000 0.000000e+00 3.983311e-11 1.068778e-11 1.775976e-12 3.338184e-13 4.299737e-15 1.621274e-22
 00100 5.441054e-01 1.528980e-03 6.114037e-03 1.961872e-02 1.683584e-02 2.685104e-04 1.011813e-11
 00200 9.525089e-01 -1.686717e-03 -1.631889e-03 1.943476e-02 2.651143e-02 4.137939e-04 1.580247e-11
 00000 0.000000e+00 -1.590910e-11 -5.923001e-12 -2.421117e-12 -5.138456e-13 -6.779500e-15 -2.514629e-22
 00100 5.761950e-01 6.729456e-04 2.990948e-03 1.125136e-02 1.065626e-02 1.747667e-04 6.536993e-12
 00000 0.000000e+00 -1.769891e-11 -5.641339e-12 -2.605719e-12 -7.293471e-13 -1.003651e-14 -3.722313e-22
 00100 5.186154e-01 -2.007249e-03 -6.516726e-03 -1.259193e-02 -7.084670e-03 -1.238127e-04 -4.632739e-12
 00200 8.958874e-01 -8.278942e-03 -2.427200e-02 -3.455149e-02 -1.064224e-02 -1.701220e-04 -6.423306e-12
 00000 0.000000e+00 -4.235344e-14 -4.406540e-12 -2.941332e-12 -6.584625e-13 -8.693627e-15 -3.292179e-22
 00100 5.053972e-01 7.268353e-04 3.007604e-03 1.028038e-02 9.537573e-03 1.598775e-04 6.139089e-12
 00200 8.771471e-01 -3.014524e-04 1.301197e-03 1.620357e-02 1.907531e-02 3.115970e-04 1.182343e-11
 00000 0.000000e+00 -4.968662e-11 -1.279076e-11 -4.067527e-12 -8.498249e-13 -1.137946e-14 -4.280660e-22
 00100 5.446391e-01 -2.857161e-03 -9.177353e-03 -1.626476e-02 -4.453768e-03 -2.558604e-05 -9.734435e-13
 00200 9.484951e-01 -1.140973e-02 -3.469924e-02 -5.456592e-02 -1.198874e-02 -4.260195e-05 -1.577405e-12
 00000 0.000000e+00 8.921104e-13 1.486885e-13 3.329074e-14 5.697644e-15 1.214296e-15 1.694918e-17
 00100 3.415828e-01 -3.771033e-04 -1.420716e-03 -4.510534e-03 -7.940324e-03 -2.753621e-03 -2.670764e-05
 00200 5.990795e-01 -1.570808e-03 -5.870772e-03 -1.811263e-02 -2.940636e-02 -9.103491e-03 -8.890007e-05
 00300 8.105585e-01 -3.531634e-03 -1.309143e-02 -3.934325e-02 -6.021857e-02 -1.733945e-02 -1.689078e-04
 00400 9.985791e-01 -6.225552e-03 -2.282905e-02 -6.649493e-02 -9.607515e-02 -2.599886e-02 -2.504333e-04
 00000 0.000000e+00 2.799335e-12 8.511112e-13 1.385393e-13 2.844074e-14 8.987269e-15 1.253153e-16
 00100 3.386577e-01 -1.806149e-05 -5.608558e-05 -2.290076e-05 1.026400e-03 1.176131e-03 1.341994e-05
 00200 5.925016e-01 -5.191099e-04 -1.907916e-03 -5.452447e-03 -5.458693e-03 2.112928e-03 4.795705e-05
 00300 7.992948e-01 -1.659629e-03 -6.082989e-03 -1.741512e-02 -2.023701e-02 2.317812e-03 9.857207e-05
 00400 9.801722e-01 -3.517631e-03 -1.272073e-02 -3.529403e-02 -4.079375e-02 1.943490e-03 1.585948e-04
 00000 0.000000e+00 -7.327714e-13 -3.796730e-13 -1.560080e-13 -5.235551e-14 -8.885349e-15 -1.188399e-16
 00100 3.367909e-01 2.973247e-05 1.242927e-04 5.559014e-04 2.144897e-03 2.075110e-03 3.375274e-05
 00200 5.906795e-01 -1.377419e-04 -4.823331e-04 -1.053945e-03 1.541212e-03 4.092205e-03 6.996228e-05
 00300 8.008642e-01 -5.904117e-04 -2.136492e-03 -5.697722e-03 -3.039145e-03 5.468401e-03 1.012862e-04
 00400 9.874002e-01 -1.422120e-03 -5.151300e-03 -1.401966e-02 -1.190645e-02 6.144598e-03 1.277335e-04
 00000 0.000000e+00 1.644514e-13 -7.991225e-14 -3.137947e-14 -2.732324e-14 -9.700745e-15 -1.356657e-16
 00100 3.138781e-01 -4.706567e-05 -1.679128e-04 -4.049782e-04 2.803189e-04 1.199710e-03 2.002191e-05
 00200 5.533184e-01 -4.874773e-04 -1.797614e-03 -5.188894e-03 -5.184014e-03 2.842779e-03 6.609790e-05
 00300 7.544358e-01 -1.413753e-03 -5.196250e-03 -1.493921e-02 -1.646033e-02 4.542014e-03 1.285013e-04
 00400 9.360287e-01 -2.916441e-03 -1.060373e-02 -2.960018e-02 -3.190763e-02 6.286383e-03 1.975114e-04
 00000 0.000000e+00 -2.628790e-12 -7.101610e-13 -2.151717e-13 -3.196947e-14 -3.120578e-15 -4.146589e-17
 00100 3.436283e-01 3.648014e-05 1.563549e-04 7.441880e-04 3.212405e-03 3.755124e-03 6.968687e-05
 00200 6.035717e-01 -2.029026e-04 -7.048245e-04 -1.476614e-03 2.962026e-03 8.329867e-03 1.682333e-04
 00300 8.178979e-01 -8.119238e-04 -2.903896e-03 -7.400175e-03 -1.803123e-03 1.222794e-02 2.654568e-04
 00000 0.000000e+00 4.128555e-14 2.651658e-14 7.100089e-15 1.185005e-15 1.076184e-16 1.786053e-17
 00100 1.956978e-01 -1.223385e-05 -4.792341e-05 -1.763359e-04 -5.014383e-04 -3.749519e-04 7.153569e-04
 00200 3.487366e-01 -6.661983e-05 -2.613547e-04 -9.674032e-04 -2.839056e-03 -3.145437e-03 1.441069e-03
 00300 4.739343e-01 -1.644767e-04 -6.451903e-04 -2.387226e-03 -7.016272e-03 -8.259170e-03 1.989762e-03
 00400 5.848934e-01 -3.069772e-04 -1.203371e-03 -4.441954e-03 -1.297207e-02 -1.542297e-02 2.413172e-03
 00500 6.867303e-01 -4.961290e-04 -1.942825e-03 -7.144253e-03 -2.063324e-02 -2.429731e-02 2.752289e-03
 00600 7.820680e-01 -7.345816e-04 -2.872496e-03 -1.050829e-02 -2.989871e-02 -3.450570e-02 3.031620e-03
 00700 8.724574e-01 -1.025537e-03 -4.002696e-03 -1.454544e-02 -4.062877e-02 -4.565397e-02 3.253478e-03
 00800 9.588883e-01 -1.372647e-03 -5.344607e-03 -1.926038e-02 -5.264106e-02 -5.735673e-02 3.394177e-03
 00000 0.000000e+00 -9.932845e-14 -9.916573e-15 1.290649e-16 -5.279389e-16 -3.810203e-16 -7.792916e-17
 00100 1.857714e-01 -5.693670e-06 -2.220695e-05 -8.015070e-05 -2.094541e-04 -6.790870e-05 1.878804e-04
 00200 3.314457e-01 -4.653935e-05 -1.823986e-04 -6.722262e-04 -1.940530e-03 -2.064003e-03 4.634567e-04
 00300 4.502660e-01 -1.250978e-04 -4.904766e-04 -1.810719e-03 -5.277281e-03 -6.100243e-03 7.587273e-04
 00400 5.551308e-01 -2.417867e-04 -9.475383e-04 -3.493945e-03 -1.016236e-02 -1.199083e-02 1.056654e-03
 00500 6.509460e-01 -3.972407e-04 -1.555623e-03 -5.720888e-03 -1.652022e-02 -1.949647e-02 1.341865e-03
 00600 7.402472e-01 -5.921898e-04 -2.316616e-03 -8.487090e-03 -2.424859e-02 -2.833446e-02 1.602221e-03
 00700 8.245487e-01 -8.271467e-04 -3.231337e-03 -1.178096e-02 -3.321282e-02 -3.819136e-02 1.829985e-03
 00800 9.046843e-01 -1.101645e-03 -4.296664e-03 -1.557375e-02 -4.322506e-02 -4.871754e-02 2.022374e-03
 00900 9.812432e-01 -1.414857e-03 -5.507209e-03 -1.982520e-02 -5.406825e-02 -5.956796e-02 2.182179e-03
 00000 0.000000e+00 7.420530e-15 -3.771797e-15 -1.415777e-15 -2.242800e-16 -1.284186e-17 -3.888745e-18
 00100 1.907749e-01 -4.087342e-06 -1.581968e-05 -5.532068e-05 -1.209314e-04 1.637886e-04 4.493382e-04
 00200 3.401424e-01 -4.193117e-05 -1.641889e-04 -6.031855e-04 -1.718025e-03 -1.674725e-03 7.837602e-04
 00300 4.619944e-01 -1.170551e-04 -4.588645e-04 -1.693601e-03 -4.934912e-03 -5.769781e-03 8.329718e-04
 00400 5.696400e-01 -2.306076e-04 -9.039543e-04 -3.337422e-03 -9.763390e-03 -1.201519e-02 5.986276e-04
 00500 6.680908e-01 -3.839899e-04 -1.504630e-03 -5.546964e-03 -1.617949e-02 -2.024733e-02 9.002932e-05
 00600 7.599221e-01 -5.788365e-04 -2.266405e-03 -8.332559e-03 -2.413161e-02 -3.023881e-02 -6.742738e-04
 00700 8.466671e-01 -8.167261e-04 -3.194471e-03 -1.169939e-02 -3.353056e-02 -4.169992e-02 -1.666290e-03
 00800 9.293197e-01 -1.099225e-03 -4.293242e-03 -1.564465e-02 -4.424310e-02 -5.428940e-02 -2.849626e-03
 00000 0.000000e+00 1.147147e-13 5.379665e-14 1.644380e-14 4.026773e-15 6.136189e-16 1.742774e-17
 00100 2.016719e-01 -9.340234e-06 -3.685406e-05 -1.394824e-04 -4.484871e-04 -7.841151e-04 -1.930454e-04
 00200 3.610375e-01 -4.425109e-05 -1.744598e-04 -6.584297e-04 -2.095565e-03 -3.550056e-03 -8.517788e-04
 00300 4.910867e-01 -1.060099e-04 -4.176961e-04 -1.572879e-03 -4.967559e-03 -8.260315e-03 -1.966644e-03
 00400 6.059866e-01 -1.970618e-04 -7.758511e-04 -2.913594e-03 -9.120045e-03 -1.488406e-02 -3.525828e-03
 00500 7.110175e-01 -3.209533e-04 -1.262456e-03 -4.724723e-03 -1.462889e-02 -2.337522e-02 -5.506612e-03
 00600 8.088692e-01 -4.822500e-04 -1.894730e-03 -7.061022e-03 -2.157865e-02 -3.366220e-02 -7.873728e-03
 00700 9.011215e-01 -6.863801e-04 -2.692950e-03 -9.984019e-03 -3.004709e-02 -4.563637e-02 -1.057817e-02
 00800 9.887779e-01 -9.394586e-04 -3.679450e-03 -1.355703e-02 -4.008833e-02 -5.914325e-02 -1.355723e-02
 00000 0.000000e+00 5.122711e-14 2.059635e-14 6.585720e-15 1.763797e-15 3.123187e-16 4.723767e-17
 00100 1.779134e-01 -1.320068e-05 -5.216023e-05 -1.986529e-04 -6.596897e-04 -1.436547e-03 -1.178508e-03
 00200 3.197381e-01 -6.300467e-05 -2.483581e-04 -9.371343e-04 -2.996337e-03 -5.584330e-03 -3.267178e-03
 00300 4.366142e-01 -1.494037e-04 -5.882825e-04 -2.210314e-03 -6.950799e-03 -1.213231e-02 -5.888378e-03
 00400 5.401240e-01 -2.712917e-04 -1.067139e-03 -3.994420e-03 -1.239567e-02 -2.072942e-02 -8.900067e-03
 00500 6.347759e-01 -4.275274e-04 -1.679784e-03 -6.261437e-03 -1.916842e-02 -3.093765e-02 -1.214860e-02
 00600 7.229718e-01 -6.172468e-04 -2.421936e-03 -8.983129e-03 -2.708711e-02 -4.228031e-02 -1.548058e-02
 00700 8.061635e-01 -8.399747e-04 -3.290302e-03 -1.213111e-02 -3.595613e-02 -5.427657e-02 -1.875198e-02
 00800 8.853515e-01 -1.095733e-03 -4.283346e-03 -1.567932e-02 -4.558148e-02 -6.648681e-02 -2.184022e-02
 00900 9.612762e-01 -1.385345e-03 -5.401628e-03 -1.960515e-02 -5.578260e-02 -7.854481e-02 -2.465134e-02
 00000 0.000000e+00 -8.820986e-14 -8.128470e-15 6.591546e-16 1.802512e-16 -1.944934e-17 -3.730371e-19
 00100 3.022610e-01 -2.204136e-04 -8.475503e-04 -2.906777e-03 -6.615188e-03 -4.340238e-03 -7.141777e-05
 00200 5.311163e-01 -6.873866e-04 -2.615046e-03 -8.612026e-03 -1.712974e-02 -8.480832e-03 -1.235232e-04
 00300 7.205183e-01 -1.403907e-03 -5.284251e-03 -1.674697e-02 -2.951225e-02 -1.062842e-02 -1.250120e-04
 00400 8.894063e-01 -2.409981e-03 -8.955798e-03 -2.719924e-02 -4.255967e-02 -1.050257e-02 -7.649539e-05
 00000 0.000000e+00 -5.259616e-14 7.911127e-16 8.373550e-16 -2.586843e-16 -1.687819e-17 -1.314858e-19
 00100 3.386107e-01 -8.848892e-06 -1.513874e-05 1.978400e-04 2.300959e-03 3.565668e-03 6.883345e-05
 00200 5.974914e-01 -3.652669e-04 -1.318856e-03 -3.435178e-03 -4.466620e-04 6.706649e-03 1.360995e-04
 00300 8.139910e-01 -1.180145e-03 -4.296522e-03 -1.183876e-02 -9.568441e-03 7.699206e-03 1.656485e-04
 00000 0.000000e+00 2.035457e-14 -1.359338e-14 -2.169117e-15 -6.028630e-16 -8.445458e-17 -1.012053e-18
 00100 3.259947e-01 -7.997674e-06 -2.224589e-05 3.484561e-05 8.694227e-04 1.352925e-03 2.535809e-05
 00200 5.749949e-01 -1.578213e-04 -5.624418e-04 -1.367493e-03 6.662358e-04 4.061227e-03 8.252287e-05
 00300 7.844225e-01 -5.146507e-04 -1.849488e-03 -4.784699e-03 -1.374945e-03 7.393643e-03 1.568229e-04
 00400 9.738822e-01 -1.190307e-03 -4.266046e-03 -1.112641e-02 -6.423367e-03 1.038379e-02 2.295168e-04
 00000 0.000000e+00 -7.005370e-14 -1.976498e-14 -1.441947e-15 -5.375880e-17 -1.859906e-18 5.756101e-20
 00100 3.109387e-01 1.050576e-06 1.605247e-05 2.064330e-04 1.484817e-03 1.673803e-03 2.552337e-05
 00200 5.466722e-01 -2.844398e-04 -1.021792e-03 -2.611638e-03 -1.377742e-04 4.759117e-03 8.824988e-05
 00300 7.394931e-01 -9.785247e-04 -3.534039e-03 -9.415156e-03 -5.590329e-03 8.701184e-03 1.777212e-04
 00400 9.096732e-01 -2.205358e-03 -7.904153e-03 -2.071947e-02 -1.433775e-02 1.326694e-02 2.846658e-04
 00000 0.000000e+00 1.929323e-14 3.530435e-15 1.186425e-15 -2.173865e-16 -3.346670e-17 -4.423867e-19
 00100 3.223404e-01 2.219658e-05 9.888371e-05 5.141754e-04 2.429171e-03 2.843332e-03 5.099323e-05
 00200 5.647115e-01 -1.242404e-04 -4.140951e-04 -6.149384e-04 4.060959e-03 7.715834e-03 1.429358e-04
 00300 7.642359e-01 -4.762944e-04 -1.660166e-03 -3.615170e-03 4.616991e-03 1.363064e-02 2.534924e-04
 00400 9.424521e-01 -1.096421e-03 -3.836435e-03 -8.813365e-03 3.859479e-03 1.979523e-02 3.652727e-04
 00000 0.000000e+00 -1.760116e-12 -4.133754e-13 -1.177586e-13 -5.092701e-14 -1.082395e-14 -1.488424e-16
 00100 3.304035e-01 2.207644e-04 8.613239e-04 3.113451e-03 8.105604e-03 5.797644e-03 8.958745e-05
 00200 5.773093e-01 2.633361e-04 1.058859e-03 4.217302e-03 1.338042e-02 1.141532e-02 1.841277e-04
 00300 7.800092e-01 -4.431233e-05 -5.263276e-05 1.250382e-03 1.157738e-02 1.441995e-02 2.507156e-04
 00400 9.597477e-01 -8.036569e-04 -2.826266e-03 -6.670693e-03 1.466397e-03 1.416160e-02 2.809876e-04
 00000 0.000000e+00 -2.090865e-12 -5.969253e-13 -1.814792e-13 -5.734885e-14 -1.052084e-14 -1.411954e-16
 00100 3.402563e-01 -9.376270e-05 -3.523016e-04 -1.099420e-03 -1.673652e-03 -6.804900e-05 5.432561e-06
 00200 5.991024e-01 -4.663065e-04 -1.745038e-03 -5.376358e-03 -8.007839e-03 -5.593374e-04 1.813066e-05
 00300 8.141681e-01 -1.147134e-03 -4.263138e-03 -1.284776e-02 -1.833255e-02 -1.410774e-03 3.487443e-05
 00000 0.000000e+00 -2.553205e-12 -7.151837e-13 -1.592103e-13 -6.284315e-14 -1.626188e-14 -2.229585e-16
 00100 2.984868e-01 -1.180297e-04 -4.457759e-04 -1.417340e-03 -2.338646e-03 -3.049858e-04 4.092413e-06
 00200 5.254025e-01 -4.343591e-04 -1.623071e-03 -4.953773e-03 -6.881761e-03 5.702284e-04 3.958608e-05
 00300 7.139065e-01 -9.436132e-04 -3.491272e-03 -1.028848e-02 -1.260845e-02 2.600898e-03 9.932562e-05
 00400 8.831356e-01 -1.671884e-03 -6.113876e-03 -1.733730e-02 -1.897174e-02 5.213898e-03 1.657909e-04
 00000 0.000000e+00 -5.837289e-13 -1.460022e-13 -1.098103e-14 1.842549e-14 3.613877e-15 4.623592e-17
 00100 3.069849e-01 -1.167517e-05 -3.486293e-05 1.141423e-05 9.579522e-04 1.518574e-03 2.743146e-05
 00200 5.392613e-01 -2.103725e-04 -7.535522e-04 -1.884127e-03 4.378788e-04 4.821097e-03 9.618654e-05
 00300 7.314581e-01 -6.771926e-04 -2.437931e-03 -6.364096e-03 -2.307315e-03 9.228177e-03 1.934003e-04
 00400 9.035381e-01 -1.521975e-03 -5.450206e-03 -1.415617e-02 -7.820807e-03 1.407678e-02 3.050600e-04
 00000 0.000000e+00 4.292296e-13 6.790916e-14 1.218872e-16 1.711339e-14 7.281171e-15 1.018241e-16
 00100 3.134385e-01 1.472984e-04 5.812577e-04 2.182150e-03 6.211718e-03 4.814470e-03 7.458831e-05
 00200 5.513144e-01 1.468672e-05 1.224515e-04 1.244830e-03 8.170272e-03 9.071581e-03 1.439502e-04
 00300 7.483525e-01 -5.641733e-04 -1.982546e-03 -4.552529e-03 2.982360e-03 1.086265e-02 1.769103e-04
 00400 9.248346e-01 -1.724818e-03 -6.171647e-03 -1.598551e-02 -9.372884e-03 1.000356e-02 1.690649e-04
 00000 0.000000e+00 -8.161478e-13 -2.495196e-13 -1.648135e-13 -6.233867e-14 -1.356074e-14 -1.849203e-16
 00100 3.156503e-01 2.462033e-04 9.665687e-04 3.568534e-03 9.866064e-03 7.867445e-03 1.294243e-04
 00200 5.537193e-01 4.030326e-04 1.628884e-03 6.583882e-03 2.164980e-02 1.964632e-02 3.298089e-04
 00300 7.506097e-01 3.232716e-04 1.440257e-03 7.347409e-03 3.170715e-02 3.232016e-02 5.494396e-04
 00400 9.271940e-01 -1.072569e-04 6.809947e-06 4.888482e-03 3.845252e-02 4.425262e-02 7.586699e-04
 00000 0.000000e+00 2.548979e-13 2.605641e-13 1.282247e-13 3.309549e-14 3.565203e-15 4.686760e-17
 00100 3.279528e-01 -5.196943e-05 -1.833406e-04 -4.154725e-04 5.965524e-04 1.889521e-03 3.478957e-05
 00200 5.749558e-01 -4.676962e-04 -1.706622e-03 -4.699872e-03 -2.901322e-03 5.441943e-03 1.123506e-04
 00300 7.780992e-01 -1.310726e-03 -4.757403e-03 -1.296282e-02 -9.429692e-03 1.059571e-02 2.247683e-04
 00400 9.603368e-01 -2.715803e-03 -9.708896e-03 -2.538503e-02 -1.742898e-02 1.740824e-02 3.642526e-04
 00000 0.000000e+00 -2.177989e-12 -3.067886e-13 -8.204131e-14 -4.164878e-14 -1.216819e-14 -1.667889e-16
 00100 3.511557e-01 -1.710346e-04 -6.479681e-04 -2.096445e-03 -3.806182e-03 -1.253916e-03 -1.221893e-05
 00200 6.172403e-01 -6.424468e-04 -2.405142e-03 -7.438035e-03 -1.147689e-02 -1.760805e-03 2.606929e-06
 00300 8.377209e-01 -1.434162e-03 -5.297810e-03 -1.564122e-02 -2.094071e-02 -7.087833e-04 5.162113e-05
 00000 0.000000e+00 2.671216e-12 6.920135e-13 1.493540e-13 2.511170e-14 -5.479992e-16 -1.138686e-17
 00100 3.155645e-01 -1.921924e-04 -7.330775e-04 -2.434366e-03 -4.870890e-03 -2.106072e-03 -2.460421e-05
 00200 5.540779e-01 -6.796955e-04 -2.574689e-03 -8.334412e-03 -1.541379e-02 -5.746939e-03 -6.371916e-05
 00300 7.521244e-01 -1.485423e-03 -5.587794e-03 -1.766365e-02 -3.075886e-02 -1.047424e-02 -1.131980e-04
 00400 9.296814e-01 -2.708401e-03 -1.009238e-02 -3.097739e-02 -5.071285e-02 -1.610089e-02 -1.713701e-04
 00000 0.000000e+00 8.981954e-13 2.302983e-13 9.848716e-14 2.039480e-14 9.653076e-15 1.353273e-16
 00100 2.895202e-01 -8.353824e-05 -3.079483e-04 -8.810689e-04 -6.422793e-04 1.356494e-03 3.415098e-05
 00200 5.088759e-01 -3.398396e-04 -1.237899e-03 -3.370237e-03 -1.491934e-03 5.855805e-03 1.327701e-04
 00300 6.910589e-01 -7.574055e-04 -2.720764e-03 -7.009098e-03 -1.311794e-03 1.310413e-02 2.788484e-04
 00400 8.546187e-01 -1.359746e-03 -4.803233e-03 -1.161371e-02 5.907649e-04 2.228333e-02 4.486058e-04
 00000 0.000000e+00 2.002914e-13 -1.340243e-13 -8.626848e-14 -3.601708e-14 -5.230828e-15 -6.873810e-17
 00100 3.445989e-01 -4.168460e-05 -1.419073e-04 -2.522306e-04 1.027209e-03 1.947637e-03 3.236744e-05
 00200 6.060102e-01 -6.307573e-04 -2.317464e-03 -6.617099e-03 -6.552449e-03 2.985210e-03 7.054576e-05
 00300 8.222519e-01 -1.886501e-03 -6.903166e-03 -1.961845e-02 -2.196199e-02 3.098005e-03 1.094811e-04
 00000 0.000000e+00 -9.262701e-13 -5.231664e-13 -9.131598e-14 -3.283481e-14 -4.545249e-15 -5.897097e-17
 00100 3.217090e-01 2.545118e-05 1.087589e-04 5.182982e-04 2.270231e-03 2.775931e-03 5.311573e-05
 00200 5.660805e-01 -1.144805e-04 -3.972920e-04 -8.069030e-04 2.088419e-03 5.493690e-03 1.105796e-04
 00300 7.682256e-01 -4.927064e-04 -1.790571e-03 -4.843419e-03 -2.548207e-03 6.289962e-03 1.377518e-04
 00400 9.481253e-01 -1.221866e-03 -4.480346e-03 -1.276911e-02 -1.365899e-02 4.000048e-03 1.172275e-04
 00000 0.000000e+00 -7.690199e-13 -8.241761e-13 -2.361488e-13 -6.372801e-14 -1.422871e-14 -1.942100e-16
 00100 3.323791e-01 -9.437092e-05 -3.505598e-04 -1.039546e-03 -1.156316e-03 5.813740e-04 1.591313e-05
 00200 5.864666e-01 -5.776859e-04 -2.153919e-03 -6.530856e-03 -8.974677e-03 7.800316e-05 2.736367e-05
 00300 7.990286e-01 -1.535750e-03 -5.699489e-03 -1.707496e-02 -2.377369e-02 -2.129779e-03 1.947618e-05
 00400 9.907321e-01 -3.102602e-03 -1.140798e-02 -3.331020e-02 -4.526573e-02 -6.407759e-03 -1.996752e-05
 00000 0.000000e+00 4.454729e-11 -1.806197e-12 -3.489700e-13 -2.617871e-15 -2.646975e-23 2.115890e-37
 00100 9.110712e-01 -1.679938e-02 -2.354243e-02 -4.504418e-03 -4.638211e-05 -1.747935e-12 2.524355e-29
 00000 0.000000e+00 -6.553030e-11 -1.294897e-11 -2.088872e-13 4.973936e-15 -1.323488e-23 1.410593e-37
 00100 8.486805e-01 -1.023248e-02 -2.420172e-03 1.606724e-02 3.411240e-04 1.280398e-11 -1.262177e-29
 00000 0.000000e+00 -7.335516e-12 4.042123e-12 1.185701e-12 9.473560e-15 3.705769e-22 -1.175494e-38
 00100 9.484083e-01 -1.269553e-02 -7.358150e-03 1.324386e-02 2.956881e-04 1.116973e-11 3.786532e-29
 00000 0.000000e+00 -4.928244e-12 4.470124e-13 -7.890683e-13 -1.001086e-14 -4.168990e-22 1.763242e-38
 00000 0.000000e+00 8.703745e-11 -1.213951e-13 -8.624133e-13 -2.319474e-15 -3.308722e-23 0.000000e+00
 00100 9.133813e-01 -9.378799e-03 -4.648789e-03 7.535427e-03 1.296428e-04 4.924061e-12 6.310887e-29
 00000 0.000000e+00 -1.476922e-11 -5.033926e-12 -9.071993e-13 8.127478e-14 1.441086e-15 5.376674e-23
 00100 5.155944e-01 -4.097251e-04 -9.630919e-04 7.531689e-04 2.854690e-03 4.818886e-05 1.875833e-12
 00200 8.923336e-01 -4.445262e-03 -1.203566e-02 -9.490632e-03 6.899294e-03 1.409898e-04 5.286438e-12
 00000 0.000000e+00 4.494974e-11 1.558664e-11 3.538350e-12 5.774945e-13 7.831079e-15 2.927185e-22
 00100 5.650814e-01 -1.452697e-03 -4.024388e-03 -2.771639e-03 3.935825e-03 8.252818e-05 3.083755e-12
 00200 9.681848e-01 -8.316554e-03 -2.222572e-02 -1.808145e-02 1.026270e-02 2.207021e-04 8.299139e-12
 00000 0.000000e+00 3.963323e-11 6.183722e-12 2.689241e-12 9.215898e-13 1.294544e-14 4.839007e-22
 00100 5.202322e-01 -2.282307e-03 -7.390253e-03 -1.372179e-02 -5.352799e-03 -6.570267e-05 -2.543743e-12
 00200 9.042286e-01 -7.496081e-03 -2.204769e-02 -2.990387e-02 -2.054338e-03 5.142477e-05 1.989520e-12
 00000 0.000000e+00 4.044511e-11 1.351047e-11 3.134523e-12 8.483917e-13 1.207404e-14 4.566037e-22
 00100 5.421229e-01 -4.548256e-04 -8.691230e-04 2.787934e-03 6.672655e-03 1.325388e-04 5.059064e-12
 00200 9.454538e-01 -5.052122e-03 -1.311368e-02 -6.916367e-03 1.342141e-02 2.919609e-04 1.114131e-11
 00000 0.000000e+00 -2.758837e-11 -7.297438e-12 -1.537544e-12 -3.175208e-13 -4.219010e-15 -1.571643e-22
 00100 5.206270e-01 4.156285e-04 2.005733e-03 8.566635e-03 9.609596e-03 1.748531e-04 6.536993e-12
 00200 9.049625e-01 -1.672143e-04 2.353803e-03 2.208418e-02 2.795436e-02 5.073104e-04 1.892886e-11
 00000 0.000000e+00 -2.990428e-13 1.747315e-13 7.341187e-14 -1.478614e-15 -2.485426e-15 -3.492737e-17
 00100 3.343262e-01 -2.120733e-04 -8.056273e-04 -2.633544e-03 -5.049278e-03 -2.345721e-03 -3.499682e-05
 00200 5.883517e-01 -7.765868e-04 -2.911911e-03 -9.060078e-03 -1.457596e-02 -4.419337e-03 -6.168532e-05
 00300 7.985346e-01 -1.819346e-03 -6.734146e-03 -2.002862e-02 -2.805749e-02 -5.519467e-03 -6.843656e-05
 00400 9.866011e-01 -3.625765e-03 -1.319814e-02 -3.729061e-02 -4.599608e-02 -5.713861e-03 -5.616193e-05
 00000 0.000000e+00 -1.968569e-12 -6.631636e-13 -1.865498e-13 -5.503365e-14 -1.408171e-14 -1.946171e-16
 00100 3.324128e-01 -1.704795e-04 -6.529032e-04 -2.204199e-03 -4.779435e-03 -2.961639e-03 -4.877879e-05
 00200 5.827047e-01 -5.833833e-04 -2.205148e-03 -7.084987e-03 -1.297042e-02 -5.533608e-03 -7.847754e-05
 00300 7.896886e-01 -1.331825e-03 -4.972778e-03 -1.530307e-02 -2.452987e-02 -7.120113e-03 -7.651788e-05
 00400 9.741627e-01 -2.583107e-03 -9.503364e-03 -2.795475e-02 -4.015096e-02 -8.146698e-03 -5.066016e-05
 00000 0.000000e+00 -2.524624e-12 -7.784257e-13 -1.721793e-13 -2.864473e-14 -4.311201e-15 -5.946079e-17
 00100 3.383653e-01 -8.225441e-05 -3.047427e-04 -8.940561e-04 -8.900256e-04 8.181910e-04 2.216554e-05
 00200 5.942394e-01 -3.672894e-04 -1.356139e-03 -3.941789e-03 -4.132568e-03 2.063655e-03 5.413563e-05
 00300 8.081066e-01 -8.668350e-04 -3.174842e-03 -8.986205e-03 -8.912788e-03 3.623198e-03 8.739877e-05
 00400 1.000335e+00 -1.699609e-03 -6.156802e-03 -1.686785e-02 -1.593124e-02 4.959588e-03 1.123174e-04
 00000 0.000000e+00 1.219731e-12 2.597934e-13 8.550197e-14 6.505875e-15 -5.986856e-16 -8.843198e-18
 00100 3.562928e-01 -4.383783e-05 -1.551190e-04 -3.564902e-04 4.805757e-04 1.718721e-03 3.466267e-05
 00200 6.274244e-01 -3.228771e-04 -1.173688e-03 -3.170396e-03 -1.447675e-03 4.510724e-03 9.355570e-05
 00300 8.512204e-01 -8.856240e-04 -3.211357e-03 -8.692359e-03 -5.840447e-03 7.536210e-03 1.561388e-04
 00000 0.000000e+00 4.176491e-14 4.911872e-15 8.657114e-17 -6.522332e-17 -9.275654e-18 5.499093e-18
 00100 1.905953e-01 -2.255617e-05 -8.906497e-05 -3.384656e-04 -1.110513e-03 -2.197165e-03 -1.111560e-03
 00200 3.411389e-01 -8.868770e-05 -3.494244e-04 -1.316757e-03 -4.180710e-03 -7.338784e-03 -2.761487e-03
 00300 4.648068e-01 -1.968344e-04 -7.745672e-04 -2.904487e-03 -9.052296e-03 -1.488811e-02 -4.594191e-03
 00400 5.748218e-01 -3.480751e-04 -1.368134e-03 -5.107314e-03 -1.566811e-02 -2.455859e-02 -6.537096e-03
 00500 6.761359e-01 -5.439175e-04 -2.135164e-03 -7.931638e-03 -2.394012e-02 -3.596514e-02 -8.503356e-03
 00600 7.712758e-01 -7.861609e-04 -3.081436e-03 -1.138166e-02 -3.374260e-02 -4.864733e-02 -1.040088e-02
 00700 8.616648e-01 -1.076628e-03 -4.212132e-03 -1.545289e-02 -4.489849e-02 -6.209156e-02 -1.214104e-02
 00800 9.479641e-01 -1.416050e-03 -5.527472e-03 -2.011679e-02 -5.714989e-02 -7.574485e-02 -1.364731e-02
 00000 0.000000e+00 -1.322796e-13 -5.261150e-14 -1.595316e-14 -4.391170e-15 -1.201285e-15 -2.708605e-16
 00100 2.004160e-01 -9.651296e-06 -3.807992e-05 -1.444137e-04 -4.683482e-04 -8.457541e-04 -2.344761e-04
 00200 3.577512e-01 -3.823079e-05 -1.506228e-04 -5.676949e-04 -1.796056e-03 -2.933664e-03 -4.798008e-04
 00300 4.870571e-01 -8.561509e-05 -3.370694e-04 -1.265911e-03 -3.951801e-03 -6.154609e-03 -7.457588e-04
 00400 6.020080e-01 -1.530414e-04 -6.019501e-04 -2.253295e-03 -6.953821e-03 -1.048667e-02 -1.114380e-03
 00500 7.075349e-01 -2.420377e-04 -9.510936e-04 -3.547315e-03 -1.081668e-02 -1.587022e-02 -1.652225e-03
 00600 8.062415e-01 -3.548171e-04 -1.392847e-03 -5.173163e-03 -1.556483e-02 -2.223886e-02 -2.409901e-03
 00700 8.998458e-01 -4.948135e-04 -1.939872e-03 -7.169120e-03 -2.124670e-02 -2.954791e-02 -3.423633e-03
 00800 9.895006e-01 -6.666556e-04 -2.609290e-03 -9.587148e-03 -2.793313e-02 -3.777809e-02 -4.715124e-03
 00000 0.000000e+00 3.663756e-14 8.619070e-15 3.677563e-17 -1.550986e-15 -3.856822e-16 -1.874444e-17
 00100 2.103849e-01 2.176268e-06 8.814037e-06 3.700767e-05 1.675448e-04 6.808338e-04 7.823279e-04
 00200 3.763478e-01 -7.671304e-06 -2.955215e-05 -1.007589e-04 -1.797345e-04 7.729873e-04 1.737474e-03
 00300 5.119100e-01 -3.242446e-05 -1.264259e-04 -4.556230e-04 -1.175513e-03 -1.943950e-05 2.601917e-03
 00400 6.318920e-01 -7.451791e-05 -2.911990e-04 -1.060396e-03 -2.899179e-03 -1.766887e-03 3.338454e-03
 00500 7.419146e-01 -1.382125e-04 -5.403915e-04 -1.973040e-03 -5.495059e-03 -4.614685e-03 3.896135e-03
 00600 8.444261e-01 -2.290895e-04 -8.953959e-04 -3.267374e-03 -9.139283e-03 -8.733861e-03 4.215261e-03
 00700 9.410998e-01 -3.541522e-04 -1.383047e-03 -5.033602e-03 -1.403183e-02 -1.429721e-02 4.241242e-03
 00000 0.000000e+00 6.300251e-15 2.468037e-15 1.133945e-15 4.605665e-16 -1.022635e-17 -6.652973e-17
 00100 1.820694e-01 -2.242686e-05 -8.849430e-05 -3.354255e-04 -1.089201e-03 -2.067411e-03 -8.885444e-04
 00200 3.249144e-01 -8.260808e-05 -3.251280e-04 -1.219825e-03 -3.805212e-03 -6.209192e-03 -1.664174e-03
 00300 4.417041e-01 -1.787767e-04 -7.025918e-04 -2.620631e-03 -7.992418e-03 -1.194417e-02 -2.031898e-03
 00400 5.451609e-01 -3.127963e-04 -1.227805e-03 -4.557727e-03 -1.365953e-02 -1.919112e-02 -2.030223e-03
 00500 6.400759e-01 -4.870892e-04 -1.909590e-03 -7.054878e-03 -2.080351e-02 -2.782563e-02 -1.711493e-03
 00600 7.289181e-01 -7.044207e-04 -2.757702e-03 -1.013531e-02 -2.939573e-02 -3.767639e-02 -1.138781e-03
 00700 8.131565e-01 -9.675901e-04 -3.781870e-03 -1.381690e-02 -3.936881e-02 -4.852473e-02 -3.821831e-04
 00800 8.937501e-01 -1.279447e-03 -4.990943e-03 -1.810856e-02 -5.060965e-02 -6.011261e-02 4.849513e-04
 00900 9.713613e-01 -1.642616e-03 -6.392634e-03 -2.300745e-02 -6.295806e-02 -7.215553e-02 1.389287e-03
 00000 0.000000e+00 -2.165928e-13 -5.685126e-14 -1.677501e-14 -5.441798e-15 -1.426677e-15 -3.125448e-16
 00100 2.031704e-01 -1.904520e-05 -7.533014e-05 -2.881864e-04 -9.681854e-04 -2.037202e-03 -1.110509e-03
 00200 3.630044e-01 -6.965385e-05 -2.749688e-04 -1.043654e-03 -3.399868e-03 -6.385097e-03 -2.605998e-03
 00300 4.938422e-01 -1.506205e-04 -5.938192e-04 -2.242018e-03 -7.159811e-03 -1.253037e-02 -4.099418e-03
 00400 6.097644e-01 -2.640453e-04 -1.039587e-03 -3.905163e-03 -1.224734e-02 -2.025328e-02 -5.505581e-03
 00500 7.160640e-01 -4.129503e-04 -1.623518e-03 -6.064163e-03 -1.865585e-02 -2.925637e-02 -6.725991e-03
 00600 8.154731e-01 -6.018430e-04 -2.361854e-03 -8.762686e-03 -2.637806e-02 -3.919613e-02 -7.659330e-03
 00700 9.096308e-01 -8.370969e-04 -3.277685e-03 -1.206105e-02 -3.540998e-02 -4.971854e-02 -8.212163e-03
 00800 9.995940e-01 -1.127654e-03 -4.402715e-03 -1.603759e-02 -4.575005e-02 -6.049216e-02 -8.308824e-03
 