00000 0.000000e+00 -3.039322e-15 -1.294455e-15 -7.962667e-17 -6.514938e-18 -1.831684e-18 1.359992e-20
 00000 0.000000e+00 8.212562e-14 -2.880121e-15 -1.028963e-14 -4.190335e-15 -1.033802e-15 -2.539385e-16
 00000 0.000000e+00 -2.997774e-15 -8.199660e-17 -4.758273e-17 2.541607e-17 7.093374e-18 4.136470e-19
 00100 1.832052e-01 -3.153252e-06 -1.247107e-05 -4.759268e-05 -1.582337e-04 -3.246441e-04 -3.830588e-04
 00000 0.000000e+00 1.811145e-13 4.303497e-14 7.686672e-15 2.015265e-15 5.670529e-16 1.023504e-16
 00100 2.132410e-01 1.041277e-06 4.300789e-06 1.902058e-05 1.012193e-04 6.321894e-04 2.126678e-03
 00000 0.000000e+00 -3.175451e-13 -9.014867e-14 -3.642007e-14 -1.024910e-14 -2.638056e-15 -3.611135e-17
 00100 3.243245e-01 -3.835829e-04 -1.440085e-03 -4.508005e-03 -7.542011e-03 -2.494561e-03 -2.787190e-05
 00200 5.716197e-01 -1.596116e-03 -5.928255e-03 -1.784738e-02 -2.628021e-02 -5.948569e-03 -4.945200e-05
 00300 7.780410e-01 -3.644490e-03 -1.337550e-02 -3.880131e-02 -5.231567e-02 -9.085556e-03 -5.120437e-05
 00400 9.633858e-01 -6.588849e-03 -2.376716e-02 -6.584590e-02 -8.155897e-02 -1.122459e-02 -3.111995e-05
 00000 0.000000e+00 -5.456380e-13 -4.951106e-13 -1.676536e-13 -5.461948e-14 -1.208113e-14 -1.649742e-16
 00100 3.521608e-01 -3.077103e-04 -1.171443e-03 -3.861725e-03 -7.545014e-03 -3.128853e-03 -3.639143e-05
 00200 6.208350e-01 -1.149009e-03 -4.334421e-03 -1.382738e-02 -2.451106e-02 -8.237815e-03 -8.411818e-05
 00300 8.427227e-01 -2.536046e-03 -9.460383e-03 -2.910285e-02 -4.741932e-02 -1.385932e-02 -1.286173e-04
 00000 0.000000e+00 -5.977612e-14 -1.981969e-14 -2.677961e-15 -1.389848e-16 5.350992e-17 5.430797e-19
 00100 3.559175e-01 7.975358e-05 3.204194e-04 1.268351e-03 3.905625e-03 2.867314e-03 3.909222e-05
 00200 6.226836e-01 -1.236281e-04 -3.967643e-04 -4.149331e-04 4.615617e-03 6.327434e-03 9.610844e-05
 00300 8.399329e-01 -7.316303e-04 -2.560024e-03 -5.916812e-03 1.408837e-03 9.714229e-03 1.608874e-04
 00000 0.000000e+00 1.417281e-13 4.724857e-14 6.309001e-15 -1.650222e-15 -4.017305e-16 -4.785150e-18
 00100 3.053083e-01 -1.581104e-04 -5.820225e-04 -1.686530e-03 -2.179786e-03 -1.080517e-03 -2.839512e-05
 00200 5.363939e-01 -1.020979e-03 -3.782779e-03 -1.127314e-02 -1.613654e-02 -5.065257e-03 -8.499331e-05
 00300 7.270157e-01 -2.596988e-03 -9.595737e-03 -2.846169e-02 -4.129053e-02 -1.197639e-02 -1.648208e-04
 00400 8.968168e-01 -4.879827e-03 -1.790346e-02 -5.225265e-02 -7.526197e-02 -2.129059e-02 -2.629664e-04
 00000 0.000000e+00 -2.502084e-13 -2.023360e-14 2.729783e-14 5.202378e-15 1.074582e-15 1.491038e-17
 00100 3.282587e-01 -2.952614e-04 -1.091037e-03 -3.209321e-03 -4.393271e-03 -1.864938e-03 -4.158388e-05
 00200 5.737969e-01 -1.508432e-03 -5.551962e-03 -1.612693e-02 -2.092309e-02 -5.274217e-03 -9.539191e-05
 00300 7.751275e-01 -3.641471e-03 -1.330325e-02 -3.788194e-02 -4.773248e-02 -9.773660e-03 -1.462087e-04
 00400 9.529676e-01 -6.710299e-03 -2.421777e-02 -6.699336e-02 -8.174493e-02 -1.495773e-02 -1.870085e-04
 00000 0.000000e+00 3.684460e-13 1.438203e-13 2.787973e-14 2.013550e-15 -4.607790e-17 -6.254601e-19
 00100 3.045272e-01 -2.624574e-04 -9.831674e-04 -3.051263e-03 -5.012157e-03 -1.981691e-03 -3.073543e-05
 00200 5.356137e-01 -1.170302e-03 -4.343718e-03 -1.301850e-02 -1.874064e-02 -4.703309e-03 -5.989413e-05
 00300 7.281739e-01 -2.793595e-03 -1.027232e-02 -2.986282e-02 -3.967550e-02 -7.543550e-03 -7.790863e-05
 00400 9.008382e-01 -5.240776e-03 -1.902171e-02 -5.325830e-02 -6.572805e-02 -1.030590e-02 -8.522661e-05
 00000 0.000000e+00 -5.138929e-11 -1.960859e-11 -2.411408e-12 -2.440904e-14 -9.314054e-22 9.550892e-38
 00100 8.698757e-01 -9.043958e-03 -8.422239e-03 5.955703e-03 1.568054e-04 5.872636e-12 -1.072851e-28
 00000 0.000000e+00 5.458519e-11 1.925698e-11 3.553207e-12 3.159430e-13 3.968900e-15 1.472381e-22
 00100 5.008701e-01 -8.578231e-04 -2.300650e-03 -4.911814e-04 5.359669e-03 1.218662e-04 4.661160e-12
 00200 8.683984e-01 -3.484398e-03 -8.986673e-03 -2.415975e-03 1.499084e-02 3.216712e-04 1.193712e-11
 00000 0.000000e+00 -9.330511e-13 -6.689191e-14 1.295704e-14 5.207297e-15 1.782543e-15 2.519058e-17
 00100 3.306251e-01 -5.214436e-04 -1.962612e-03 -6.197438e-03 -1.054605e-02 -3.224997e-03 -2.919132e-05
 00200 5.806222e-01 -2.144529e-03 -7.992410e-03 -2.435571e-02 -3.713882e-02 -8.900492e-03 -7.202449e-05
 00300 7.872998e-01 -4.800819e-03 -1.769498e-02 -5.205652e-02 -7.310516e-02 -1.508187e-02 -1.144791e-04
 00400 9.719768e-01 -8.400448e-03 -3.047178e-02 -8.572492e-02 -1.108271e-01 -2.045519e-02 -1.510604e-04
 00000 0.000000e+00 -2.230196e-13 -6.940743e-14 -1.748260e-14 -5.707610e-15 -1.557474e-15 -2.707768e-16
 00100 2.085843e-01 -1.921237e-05 -7.600058e-05 -2.907347e-04 -9.757498e-04 -2.019856e-03 -9.309953e-04
 00200 3.721096e-01 -5.995110e-05 -2.367310e-04 -8.995086e-04 -2.942180e-03 -5.582428e-03 -2.151486e-03
 00300 5.061122e-01 -1.188535e-04 -4.687374e-04 -1.772165e-03 -5.689132e-03 -1.014359e-02 -3.395506e-03
 00400 6.248122e-01 -1.972681e-04 -7.770602e-04 -2.924202e-03 -9.231267e-03 -1.563879e-02 -4.676429e-03
 00500 7.335817e-01 -2.976628e-04 -1.170975e-03 -4.384849e-03 -1.360851e-02 -2.200949e-02 -6.008611e-03
 00600 8.351833e-01 -4.236419e-04 -1.664074e-03 -6.196653e-03 -1.888145e-02 -2.919994e-02 -7.403454e-03
 00700 9.312546e-01 -5.800230e-04 -2.274509e-03 -8.414897e-03 -2.512429e-02 -3.715320e-02 -8.866113e-03
 00000 0.000000e+00 -5.110000e-14 -1.169042e-14 1.460116e-15 2.731059e-16 -2.647317e-17 -2.587817e-19
 00100 3.148686e-01 -3.589487e-04 -1.331459e-03 -3.969115e-03 -5.490770e-03 -1.291776e-03 -1.927866e-05
 00200 5.542811e-01 -1.769546e-03 -6.518788e-03 -1.897512e-02 -2.417129e-02 -3.094483e-03 -2.590309e-05
 00300 7.541550e-01 -4.283129e-03 -1.562204e-02 -4.413126e-02 -5.277275e-02 -4.709698e-03 -1.079567e-05
 00400 9.342579e-01 -7.953753e-03 -2.857865e-02 -7.754442e-02 -8.660755e-02 -5.792764e-03 2.503366e-05
 00000 0.000000e+00 -6.152876e-13 -1.466605e-13 -2.969502e-14 -5.131997e-15 -2.163082e-15 -3.167808e-17
 00100 3.056505e-01 -2.740840e-04 -1.029379e-03 -3.229129e-03 -5.546184e-03 -2.553620e-03 -4.281618e-05
 00200 5.358819e-01 -1.250040e-03 -4.658370e-03 -1.418689e-02 -2.175993e-02 -6.764656e-03 -9.357965e-05
 00300 7.268370e-01 -2.940147e-03 -1.087700e-02 -3.235493e-02 -4.674638e-02 -1.180553e-02 -1.363965e-04
 00400 8.980437e-01 -5.363372e-03 -1.965181e-02 -5.686555e-02 -7.806116e-02 -1.721937e-02 -1.663293e-04
 00000 0.000000e+00 -4.393776e-13 -2.535369e-14 -2.140072e-14 -5.770245e-15 3.101044e-17 2.183476e-18
 00100 3.296573e-01 -4.744781e-04 -1.785417e-03 -5.640286e-03 -9.812968e-03 -3.847399e-03 -5.135827e-05
 00200 5.779595e-01 -1.924030e-03 -7.154922e-03 -2.165347e-02 -3.274355e-02 -8.767894e-03 -9.429325e-05
 00300 7.833581e-01 -4.306110e-03 -1.580667e-02 -4.592600e-02 -6.294161e-02 -1.293352e-02 -1.088346e-04
 00400 9.670045e-01 -7.612593e-03 -2.743714e-02 -7.580787e-02 -9.437250e-02 -1.529003e-02 -9.081645e-05
 00000 0.000000e+00 -4.501703e-13 -6.460588e-13 -1.512739e-13 -2.114659e-14 2.121745e-15 3.362964e-17
 00100 3.100185e-01 1.104497e-04 4.375402e-04 1.665730e-03 4.963783e-03 4.365103e-03 7.475330e-05
 00200 5.428563e-01 5.967589e-05 2.805348e-04 1.610401e-03 8.141598e-03 9.669872e-03 1.747373e-04
 00300 7.350383e-01 -2.357438e-04 -7.781237e-04 -1.093015e-03 7.612505e-03 1.418602e-02 2.683891e-04
 00400 9.063362e-01 -8.608475e-04 -3.031421e-03 -7.146755e-03 2.488295e-03 1.708412e-02 3.392054e-04
 00000 0.000000e+00 -4.034142e-11 -7.551162e-12 -1.903596e-12 -2.370504e-14 -1.072026e-21 -1.880791e-37
 00100 9.452593e-01 -1.779293e-02 -1.956648e-02 8.182910e-04 3.595793e-05 1.232792e-12 -4.417621e-29
 00000 0.000000e+00 -4.030713e-11 -8.109939e-12 -1.549471e-12 -1.479951e-13 -1.877187e-15 -6.948317e-23
 00100 5.577297e-01 -2.094995e-03 -6.218479e-03 -7.593970e-03 1.465744e-03 5.101731e-05 1.875833e-12
 00200 9.699597e-01 -1.130197e-02 -3.215580e-02 -3.963392e-02 -2.443463e-03 2.929752e-05 1.136868e-12
 00000 0.000000e+00 1.087635e-12 3.687554e-13 1.152141e-13 3.764733e-14 5.347159e-15 7.004587e-17
 00100 3.278570e-01 1.480575e-04 5.835393e-04 2.184533e-03 6.189433e-03 4.871245e-03 7.745333e-05
 00200 5.719751e-01 5.879253e-05 2.909796e-04 1.814391e-03 9.457855e-03 1.058168e-02 1.820058e-04
 00300 7.700301e-01 -3.982130e-04 -1.347613e-03 -2.417147e-03 7.667097e-03 1.563358e-02 2.895492e-04
 00400 9.438867e-01 -1.310444e-03 -4.604824e-03 -1.090841e-02 9.615347e-04 1.968591e-02 3.907468e-04
 00000 0.000000e+00 1.086592e-13 5.814808e-14 1.402064e-14 2.739062e-15 1.149448e-15 3.355933e-16
 00100 1.952298e-01 -3.376629e-05 -1.337606e-04 -5.149929e-04 -1.772525e-03 -4.017315e-03 -2.358379e-03
 00200 3.488198e-01 -9.190978e-05 -3.636552e-04 -1.393649e-03 -4.714751e-03 -1.013576e-02 -5.496862e-03
 00300 4.748412e-01 -1.654151e-04 -6.538825e-04 -2.495956e-03 -8.320696e-03 -1.710451e-02 -8.640053e-03
 00400 5.868882e-01 -2.543880e-04 -1.004539e-03 -3.819329e-03 -1.255243e-02 -2.475710e-02 -1.170668e-02
 00500 6.901047e-01 -3.597212e-04 -1.418924e-03 -5.371752e-03 -1.739255e-02 -3.293461e-02 -1.462047e-02
 00600 7.871662e-01 -4.831885e-04 -1.903621e-03 -7.171625e-03 -2.284260e-02 -4.149045e-02 -1.731436e-02
 00700 8.796268e-01 -6.274739e-04 -2.468164e-03 -9.246050e-03 -2.891601e-02 -5.028648e-02 -1.973108e-02
 00800 9.679172e-01 -7.947590e-04 -3.120826e-03 -1.161465e-02 -3.559135e-02 -5.914220e-02 -2.181489e-02
 00000 0.000000e+00 -4.916949e-14 -9.014214e-15 6.360719e-16 1.724039e-16 1.128647e-18 -2.162734e-19
 00100 2.992029e-01 -1.984597e-04 -7.562003e-04 -2.503214e-03 -5.029493e-03 -2.559841e-03 -3.844484e-05
 00200 5.254252e-01 -6.566484e-04 -2.463535e-03 -7.679786e-03 -1.230116e-02 -2.778144e-03 -1.966058e-05
 00300 7.123342e-01 -1.358080e-03 -5.015593e-03 -1.475813e-02 -1.910164e-02 5.192689e-04 7.055277e-05
 00400 8.797635e-01 -2.322048e-03 -8.408276e-03 -2.312031e-02 -2.341482e-02 7.206241e-03 2.197208e-04
 00000 0.000000e+00 3.926448e-14 1.000855e-14 7.318661e-16 -1.552864e-16 -2.969376e-17 -2.878598e-19
 00100 3.259104e-01 -1.411545e-04 -5.271809e-04 -1.602328e-03 -2.125905e-03 2.172841e-04 9.806165e-06
 00200 5.738362e-01 -7.756030e-04 -2.890079e-03 -8.749692e-03 -1.208139e-02 -4.475990e-04 1.818282e-05
 00300 7.809336e-01 -2.023697e-03 -7.476446e-03 -2.204948e-02 -2.912086e-02 -1.706028e-03 2.537339e-05
 00400 9.691695e-01 -4.150485e-03 -1.509590e-02 -4.262479e-02 -5.210025e-02 -3.020633e-03 3.541671e-05
 00000 0.000000e+00 -5.899590e-14 -2.044353e-14 -3.071170e-15 -3.675517e-16 -4.283179e-17 -2.419541e-19
 00100 3.093376e-01 -1.320704e-04 -4.977204e-04 -1.573114e-03 -2.540586e-03 -3.276605e-04 3.172130e-06
 00200 5.431133e-01 -5.932204e-04 -2.215911e-03 -6.772842e-03 -9.560077e-03 6.614513e-04 5.442028e-05
 00300 7.335882e-01 -1.379195e-03 -5.103202e-03 -1.510572e-02 -1.948493e-02 2.767853e-03 1.399914e-04
 00400 9.020925e-01 -2.503248e-03 -9.147256e-03 -2.604787e-02 -3.083332e-02 5.272884e-03 2.344039e-04
 00000 0.000000e+00 -1.305168e-14 3.239168e-15 1.073650e-15 1.334424e-16 3.827236e-17 6.878091e-19
 00100 3.224039e-01 -1.960962e-04 -7.424359e-04 -2.389872e-03 -4.202005e-03 -1.061225e-03 -5.105869e-06
 00200 5.680703e-01 -6.998484e-04 -2.618912e-03 -8.064250e-03 -1.193185e-02 -5.923637e-04 3.227856e-05
 00300 7.724222e-01 -1.501037e-03 -5.546845e-03 -1.633997e-02 -2.080003e-02 2.054241e-03 1.137103e-04
 00400 9.549516e-01 -2.662407e-03 -9.678709e-03 -2.704605e-02 -2.935006e-02 6.798800e-03 2.292267e-04
 00000 0.000000e+00 3.606715e-14 8.497836e-15 1.926460e-15 -3.253024e-16 -6.186665e-17 -5.815875e-19
 00100 3.032391e-01 -3.120193e-04 -1.198093e-03 -4.078118e-03 -8.871487e-03 -4.583523e-03 -5.891685e-05
 00200 5.330481e-01 -7.518018e-04 -2.867431e-03 -9.523016e-03 -1.921327e-02 -8.598206e-03 -1.021261e-04
 00300 7.240824e-01 -1.203394e-03 -4.553734e-03 -1.470431e-02 -2.737959e-02 -1.049834e-02 -1.136216e-04
 00400 8.956280e-01 -1.653604e-03 -6.188257e-03 -1.924510e-02 -3.237240e-02 -1.008120e-02 -9.423555e-05
 00000 0.000000e+00 -3.531341e-13 8.381916e-14 5.768733e-14 3.122093e-15 -1.624896e-15 -2.381875e-17
 00100 3.163884e-01 -1.533923e-04 -5.744223e-04 -1.766105e-03 -2.432653e-03 4.805237e-04 2.234944e-05
 00200 5.544248e-01 -6.512762e-04 -2.420861e-03 -7.247344e-03 -9.140139e-03 2.172476e-03 8.319187e-05
 00300 7.494975e-01 -1.463529e-03 -5.383472e-03 -1.555845e-02 -1.770898e-02 5.230236e-03 1.733143e-04
 00400 9.222378e-01 -2.607572e-03 -9.452579e-03 -2.608651e-02 -2.619510e-02 9.460549e-03 2.787442e-04
 00000 0.000000e+00 2.323451e-12 6.114051e-13 2.257987e-13 7.875706e-14 1.874741e-14 2.547304e-16
 00100 3.323301e-01 -2.227525e-04 -8.520918e-04 -2.861053e-03 -5.966462e-03 -2.899455e-03 -3.705287e-05
 00200 5.832385e-01 -6.666975e-04 -2.528826e-03 -8.234698e-03 -1.570191e-02 -6.689867e-03 -8.434072e-05
 00300 7.896647e-01 -1.325515e-03 -4.978048e-03 -1.566970e-02 -2.736570e-02 -1.023666e-02 -1.255914e-04
 00400 9.721106e-01 -2.287287e-03 -8.482493e-03 -2.565118e-02 -4.081242e-02 -1.319902e-02 -1.531133e-04
 00000 0.000000e+00 2.263865e-12 6.321969e-13 2.447016e-13 5.992002e-14 1.183812e-14 1.597789e-16
 00100 3.252929e-01 8.766260e-05 3.494187e-04 1.354707e-03 4.166198e-03 3.648212e-03 6.103045e-05
 00200 5.731091e-01 -2.340414e-05 -3.769575e-05 5.264170e-04 5.593346e-03 7.447290e-03 1.307430e-04
 00300 7.767382e-01 -4.469808e-04 -1.579895e-03 -3.732535e-03 1.977425e-03 9.814394e-03 1.830274e-04
 00400 9.564082e-01 -1.292066e-03 -4.653235e-03 -1.232276e-02 -7.690830e-03 1.009745e-02 2.067378e-04
 00000 0.000000e+00 -8.509003e-14 -2.155200e-13 -8.291528e-14 -2.523071e-14 -1.075663e-15 -1.093067e-17
 00100 3.523917e-01 -1.824370e-04 -6.894420e-04 -2.209280e-03 -3.856040e-03 -1.107483e-03 -1.014223e-05
 00200 6.177758e-01 -7.817905e-04 -2.927850e-03 -9.071967e-03 -1.416794e-02 -2.587153e-03 -1.040008e-05
 00300 8.344048e-01 -1.867444e-03 -6.913538e-03 -2.063210e-02 -2.940188e-02 -3.944060e-03 1.563468e-06
 00000 0.000000e+00 2.594654e-12 4.267215e-13 1.841801e-13 5.417174e-14 7.419572e-15 9.675796e-17
 00100 3.375357e-01 6.285962e-05 2.576702e-04 1.090883e-03 3.951604e-03 3.975687e-03 6.892685e-05
 00200 5.910558e-01 -9.621540e-05 -2.965392e-04 -9.421399e-05 5.903678e-03 9.287183e-03 1.669228e-04
 00300 7.999201e-01 -5.761907e-04 -2.011126e-03 -4.453612e-03 4.435509e-03 1.441472e-02 2.649183e-04
 00400 9.856530e-01 -1.523586e-03 -5.378011e-03 -1.307445e-02 -1.601820e-03 1.847220e-02 3.474610e-04
 00000 0.000000e+00 6.422302e-13 6.165806e-14 -1.772980e-15 -5.268158e-16 -3.266682e-16 -4.378511e-18
 00100 3.237367e-01 8.367631e-05 3.602577e-04 1.718577e-03 7.087252e-03 7.392542e-03 1.305967e-04
 00200 5.706248e-01 -3.635697e-04 -1.224738e-03 -2.091564e-03 8.123989e-03 1.565870e-02 2.918206e-04
 00300 7.765036e-01 -1.407433e-03 -4.962461e-03 -1.182027e-02 1.674174e-03 2.194250e-02 4.302521e-04
 00400 9.622221e-01 -3.025047e-03 -1.067574e-02 -2.631642e-02 -1.041931e-02 2.529677e-02 5.232744e-04
 00000 0.000000e+00 8.357507e-13 3.126190e-13 1.058396e-13 4.897407e-14 7.474458e-15 9.887206e-17
 00100 3.292224e-01 -1.296293e-04 -4.888265e-04 -1.551676e-03 -2.645685e-03 -9.234286e-04 -1.378628e-05
 00200 5.763929e-01 -6.317780e-04 -2.360716e-03 -7.237218e-03 -1.070436e-02 -1.410006e-03 -1.841014e-06
 00300 7.808277e-01 -1.572101e-03 -5.816271e-03 -1.723989e-02 -2.311668e-02 -8.947313e-04 4.272721e-05
 00400 9.638180e-01 -3.037331e-03 -1.108184e-02 -3.146076e-02 -3.802575e-02 9.286966e-04 1.167358e-04
 00000 0.000000e+00 3.504062e-12 1.010006e-12 3.088132e-13 7.035435e-14 8.373864e-15 1.076881e-16
 00100 3.206691e-01 -2.128016e-04 -8.088495e-04 -2.649669e-03 -5.043379e-03 -1.919429e-03 -2.098737e-05
 00200 5.632924e-01 -6.995855e-04 -2.625125e-03 -8.189971e-03 -1.309015e-02 -2.529276e-03 -7.270469e-06
 00300 7.646295e-01 -1.462713e-03 -5.413475e-03 -1.608352e-02 -2.195878e-02 -1.097050e-03 4.647367e-05
 00400 9.448119e-01 -2.599515e-03 -9.462798e-03 -2.662268e-02 -3.107086e-02 2.000656e-03 1.277050e-04
 00000 0.000000e+00 3.005629e-12 6.233453e-13 1.347425e-13 5.303421e-14 1.307973e-14 1.797610e-16
 00100 2.798080e-01 -6.489336e-05 -2.467658e-04 -8.137235e-04 -1.681213e-03 -1.196499e-03 -2.359811e-05
 00200 4.900627e-01 -2.179018e-04 -8.118214e-04 -2.461030e-03 -3.551036e-03 -1.045441e-03 -2.136418e-05
 00300 6.635604e-01 -4.843369e-04 -1.779251e-03 -5.093102e-03 -5.435131e-03 7.677649e-04 1.347144e-05
 00400 8.184530e-01 -9.197814e-04 -3.336396e-03 -9.119427e-03 -7.688576e-03 3.932735e-03 7.502268e-05
 00500 9.617807e-01 -1.602611e-03 -5.733608e-03 -1.502626e-02 -1.078126e-02 7.990576e-03 1.547723e-04
 00000 0.000000e+00 1.394299e-12 7.319411e-13 2.528808e-13 6.454420e-14 1.072289e-14 1.454448e-16
 00100 3.073029e-01 -1.186829e-04 -4.480318e-04 -1.426073e-03 -2.433444e-03 -7.430358e-04 -8.687379e-06
 00200 5.405703e-01 -5.398355e-04 -2.024109e-03 -6.280715e-03 -9.728385e-03 -1.895365e-03 -1.339216e-05
 00300 7.347876e-01 -1.326567e-03 -4.940910e-03 -1.499225e-02 -2.187727e-02 -3.455620e-03 -1.555604e-05
 00400 9.093404e-01 -2.597498e-03 -9.583108e-03 -2.824995e-02 -3.885970e-02 -5.566520e-03 -2.050227e-05
 00000 0.000000e+00 -1.337330e-12 -7.850526e-14 1.345402e-14 1.828747e-16 -3.836343e-16 -5.869952e-18
 00100 2.984858e-01 -1.370582e-04 -4.910441e-04 -1.235948e-03 6.556348e-05 2.469514e-03 4.877961e-05
 00200 5.265517e-01 -9.243442e-04 -3.367875e-03 -9.283440e-03 -7.303948e-03 6.436401e-03 1.455832e-04
 00300 7.186954e-01 -2.421538e-03 -8.797173e-03 -2.420688e-02 -2.191185e-02 1.076286e-02 2.687474e-04
 00400 8.949146e-01 -4.622181e-03 -1.662836e-02 -4.467902e-02 -4.118991e-02 1.463838e-02 3.979187e-04
 00000 0.000000e+00 -3.588599e-13 -5.694692e-14 4.911143e-14 2.801356e-14 6.661132e-15 9.063477e-17
 00100 3.411083e-01 -1.849349e-04 -7.052065e-04 -2.342731e-03 -4.781326e-03 -2.496727e-03 -3.738166e-05
 00200 5.999322e-01 -5.246494e-04 -1.957739e-03 -5.984351e-03 -8.972579e-03 -1.551093e-03 -7.579093e-06
 00300 8.127437e-01 -1.049575e-03 -3.819090e-03 -1.061406e-02 -1.042848e-02 3.981130e-03 1.035023e-04
 00400 1.001747e+00 -1.882765e-03 -6.659308e-03 -1.671259e-02 -8.951163e-03 1.361194e-02 2.826292e-04
 00000 0.000000e+00 7.255301e-13 -8.101621e-14 -4.630140e-14 2.137790e-14 1.295244e-14 1.834467e-16
 00100 3.120971e-01 -4.098273e-05 -1.478432e-04 -3.794855e-04 7.653970e-05 1.041513e-03 2.084255e-05
 00200 5.477716e-01 -2.125534e-04 -7.681557e-04 -2.009468e-03 -3.111938e-04 3.585069e-03 6.605930e-05
 00300 7.430044e-01 -5.492177e-04 -1.977639e-03 -5.141739e-03 -1.478971e-03 6.827557e-03 1.171526e-04
 00400 9.172644e-01 -1.141537e-03 -4.092084e-03 -1.056306e-02 -4.496956e-03 9.806768e-03 1.561062e-04
 00000 0.000000e+00 1.717672e-12 3.303620e-13 4.557593e-14 4.163917e-15 4.723732e-16 8.188887e-18
 00100 3.270104e-01 8.761091e-05 3.486644e-04 1.345967e-03 4.048890e-03 3.249276e-03 4.999397e-05
 00200 5.746393e-01 6.703055e-05 3.179535e-04 1.842628e-03 9.005885e-03 9.236621e-03 1.467956e-04
 00300 7.794828e-01 -2.233209e-04 -6.795656e-04 -1.880713e-04 1.218172e-02 1.640423e-02 2.661816e-04
 00400 9.628323e-01 -9.939447e-04 -3.373908e-03 -6.548600e-03 1.134573e-02 2.354117e-02 3.898079e-04
 00000 0.000000e+00 -1.011922e-12 -4.225747e-13 -6.324100e-14 -2.162010e-14 -8.714017e-15 -1.218244e-16
 00100 3.148678e-01 -9.457814e-06 -1.821178e-05 1.723589e-04 2.131752e-03 3.320568e-03 6.401906e-05
 00200 5.535583e-01 -3.004838e-04 -1.073602e-03 -2.649430e-03 1.064259e-03 7.582832e-03 1.516466e-04
 00300 7.519199e-01 -8.810302e-04 -3.169355e-03 -8.234304e-03 -2.477814e-03 1.192157e-02 2.373752e-04
 00400 9.307089e-01 -1.795742e-03 -6.415449e-03 -1.646409e-02 -7.525292e-03 1.596393e-02 3.074720e-04
 00000 0.000000e+00 -1.450466e-10 -6.066450e-12 7.686177e-13 7.684451e-15 2.911676e-22 5.289725e-38
 00100 8.563353e-01 -1.634634e-02 -1.334784e-02 1.202337e-02 2.870350e-04 1.076472e-11 -8.519698e-29
 00000 0.000000e+00 6.427890e-11 2.105403e-11 1.140598e-12 -1.286675e-15 1.588187e-22 9.697828e-38
 00100 9.191064e-01 -3.118199e-02 -5.333850e-02 -1.809127e-02 -1.926206e-04 -7.200684e-12 -3.825975e-29
 00000 0.000000e+00 -5.377871e-11 -1.561105e-11 -2.483186e-12 -3.189546e-14 -1.177905e-21 -2.350989e-38
 00100 8.984115e-01 -1.117073e-02 -8.721931e-03 5.713375e-03 1.119757e-04 4.252598e-12 3.628760e-29
 00000 0.000000e+00 2.481279e-11 6.367029e-12 8.993104e-13 2.365691e-14 8.073283e-22 1.763242e-38
 00100 9.173034e-01 -3.358765e-02 -5.535488e-02 -1.750990e-02 -1.742154e-04 -6.442846e-12 3.313216e-29
 00000 0.000000e+00 -8.665017e-11 -1.285462e-11 -2.110622e-13 1.564261e-15 2.646977e-23 2.350989e-38
 00100 9.803911e-01 -1.189306e-02 -3.206203e-03 1.227540e-02 2.126330e-04 7.901235e-12 -1.262177e-29
 00000 0.000000e+00 -3.338271e-12 7.561468e-13 2.441146e-13 1.536950e-16 5.163263e-17 1.893468e-24
 00100 5.151886e-01 -2.561221e-03 -6.608473e-03 -2.132583e-03 8.192058e-03 1.592115e-04 5.996981e-12
 00200 8.879663e-01 -1.460382e-02 -3.832980e-02 -3.112179e-02 1.411358e-02 3.129173e-04 1.179501e-11
 00000 0.000000e+00 1.791233e-11 4.160962e-12 1.203690e-12 3.001163e-13 4.093151e-15 1.534420e-22
 00100 5.613541e-01 -2.399699e-03 -7.486311e-03 -1.183442e-02 -1.830521e-03 7.278621e-06 2.700062e-13
 00200 9.691533e-01 -1.062311e-02 -3.125808e-02 -4.453206e-02 -8.639589e-03 -4.706021e-05 -1.705303e-12
 00000 0.000000e+00 1.599951e-11 1.149456e-12 -3.946112e-13 -2.055809e-13 -2.791881e-15 -1.025704e-22
 00100 5.439680e-01 -2.451127e-03 -7.493571e-03 -1.060140e-02 -3.123499e-05 2.946281e-05 1.080025e-12
 00200 9.429661e-01 -1.220727e-02 -3.574780e-02 -4.835832e-02 -5.432938e-03 -6.363406e-07 8.121259e-21
 00000 0.000000e+00 -3.964918e-12 8.635363e-13 2.060567e-13 -1.476180e-13 -2.047925e-15 -7.610062e-23
 00100 5.733050e-01 -1.468531e-03 -4.067582e-03 -2.965857e-03 3.266275e-03 6.432948e-05 2.430056e-12
 00000 0.000000e+00 -1.439339e-11 -3.005993e-12 -2.067512e-12 -4.301295e-13 -5.798853e-15 -2.158941e-22
 00100 5.403240e-01 -1.016090e-03 -2.727792e-03 -9.443033e-04 5.084198e-03 1.147813e-04 4.376943e-12
 00200 9.338261e-01 -6.466039e-03 -1.762956e-02 -1.577754e-02 9.338002e-03 2.438051e-04 9.265477e-12
 00000 0.000000e+00 7.203049e-14 -1.867168e-14 2.109918e-15 2.235939e-14 8.989284e-15 1.246044e-16
 00100 3.187714e-01 -2.056776e-04 -7.812614e-04 -2.554778e-03 -4.901708e-03 -2.258425e-03 -3.375737e-05
 00200 5.603050e-01 -8.406147e-04 -3.151670e-03 -9.803234e-03 -1.554156e-02 -3.101647e-03 -1.651980e-05
 00300 7.596039e-01 -1.923165e-03 -7.115386e-03 -2.113940e-02 -2.907058e-02 -1.509961e-03 6.003088e-05
 00400 9.372301e-01 -3.476848e-03 -1.263350e-02 -3.546150e-02 -4.194191e-02 2.679921e-03 1.805651e-04
 00000 0.000000e+00 2.275299e-12 5.312510e-13 1.228039e-13 -5.971679e-15 -6.801836e-15 -9.752813e-17
 00100 3.291381e-01 -3.016364e-04 -1.160664e-03 -3.988256e-03 -9.114902e-03 -5.892771e-03 -9.414610e-05
 00200 5.789907e-01 -7.728178e-04 -2.939486e-03 -9.678934e-03 -1.945874e-02 -1.038236e-02 -1.584861e-04
 00300 7.863485e-01 -1.417642e-03 -5.315266e-03 -1.661958e-02 -2.853190e-02 -1.132856e-02 -1.578524e-04
 00400 9.723176e-01 -2.366164e-03 -8.720507e-03 -2.569455e-02 -3.674375e-02 -8.788876e-03 -9.305842e-05
 00000 0.000000e+00 2.736081e-12 8.554876e-13 2.550227e-13 8.000656e-14 1.623606e-14 2.200160e-16
 00100 3.304721e-01 -3.223296e-04 -1.236382e-03 -4.197707e-03 -9.114653e-03 -4.941008e-03 -6.895905e-05
 00200 5.807008e-01 -8.965922e-04 -3.406094e-03 -1.116040e-02 -2.169856e-02 -9.333666e-03 -1.145697e-04
 00300 7.877406e-01 -1.636848e-03 -6.143866e-03 -1.930499e-02 -3.333910e-02 -1.093944e-02 -1.091461e-04
 00400 9.722931e-01 -2.535653e-03 -9.359905e-03 -2.784090e-02 -4.159828e-02 -9.183563e-03 -5.247090e-05
 00000 0.000000e+00 -2.947446e-13 -3.279737e-13 -5.686861e-14 9.293527e-15 3.054784e-15 4.158684e-17
 00100 3.258243e-01 8.595129e-05 3.499161e-04 1.454718e-03 5.148203e-03 5.193322e-03 9.080944e-05
 00200 5.695995e-01 -1.260266e-05 4.022382e-05 1.260137e-03 1.043087e-02 1.381465e-02 2.473456e-04
 00300 7.701631e-01 -3.169999e-04 -9.820657e-04 -5.160766e-04 1.610149e-02 2.440995e-02 4.333234e-04
 00400 9.489644e-01 -9.048954e-04 -2.958324e-03 -4.241718e-03 2.197151e-02 3.590364e-02 6.235933e-04
 00000 0.000000e+00 1.189287e-12 2.505295e-13 8.762579e-14 2.342552e-14 7.842367e-15 1.103059e-16
 00100 3.404268e-01 9.779900e-05 3.903841e-04 1.520570e-03 4.786476e-03 4.581352e-03 8.227621e-05
 00200 5.960303e-01 -2.360524e-05 -3.419013e-05 5.926511e-04 6.302884e-03 9.537659e-03 1.868465e-04
 00300 8.051391e-01 -4.312707e-04 -1.514044e-03 -3.450604e-03 3.224988e-03 1.343340e-02 2.863323e-04
 00400 9.899119e-01 -1.163242e-03 -4.162238e-03 -1.073499e-02 -4.413588e-03 1.570621e-02 3.664770e-04
 00000 0.000000e+00 1.271980e-13 1.802687e-14 3.442039e-16 -1.574203e-16 1.149634e-16 7.677232e-18
 00100 2.065029e-01 -9.572133e-06 -3.772136e-05 -1.422394e-04 -4.501456e-04 -7.181702e-04 -1.872635e-05
 00200 3.681157e-01 -3.250106e-05 -1.277794e-04 -4.772330e-04 -1.452998e-03 -1.949656e-03 2.826607e-04
 00300 4.993792e-01 -6.737630e-05 -2.644665e-04 -9.812994e-04 -2.911021e-03 -3.451967e-03 9.623109e-04
 00400 6.148726e-01 -1.152155e-04 -4.516144e-04 -1.665887e-03 -4.831329e-03 -5.160690e-03 2.030549e-03
 00500 7.201476e-01 -1.778831e-04 -6.961834e-04 -2.552585e-03 -7.240906e-03 -7.019801e-03 3.491733e-03
 00600 8.181248e-01 -2.580290e-04 -1.008038e-03 -3.672438e-03 -1.018359e-02 -8.989265e-03 5.338784e-03
 00700 9.106111e-01 -3.590998e-04 -1.400342e-03 -5.065569e-03 -1.371808e-02 -1.105312e-02 7.548388e-03
 00800 9.988348e-01 -4.855050e-04 -1.889367e-03 -6.781186e-03 -1.791564e-02 -1.322649e-02 1.007682e-02
 00000 0.000000e+00 1.259599e-13 5.874184e-14 1.581184e-14 3.086377e-15 4.451289e-16 3.989329e-17
 00100 2.102935e-01 1.616555e-05 6.433378e-05 2.519981e-04 9.238606e-04 2.523322e-03 2.038010e-03
 00200 3.755033e-01 2.395199e-05 9.592972e-05 3.848029e-04 1.524834e-03 4.913608e-03 4.575412e-03
 00300 5.109555e-01 1.599407e-05 6.562378e-05 2.866690e-04 1.421482e-03 6.259551e-03 6.921431e-03
 00400 6.313137e-01 -9.928830e-06 -3.517931e-05 -7.283268e-05 5.349070e-04 6.459600e-03 8.993038e-03
 00500 7.421431e-01 -5.738437e-05 -2.203253e-04 -7.429780e-04 -1.262547e-03 5.354510e-03 1.069452e-02
 00600 8.463524e-01 -1.313845e-04 -5.091811e-04 -1.791390e-03 -4.140224e-03 2.742451e-03 1.192228e-02
 00700 9.457235e-01 -2.384880e-04 -9.268448e-04 -3.303718e-03 -8.299585e-03 -1.600066e-03 1.256957e-02
 00000 0.000000e+00 1.150076e-13 2.841966e-14 7.420586e-15 1.531119e-15 4.479737e-16 1.814510e-16
 00100 1.864484e-01 -2.077752e-05 -8.217225e-05 -3.146164e-04 -1.059987e-03 -2.231207e-03 -1.113839e-03
 00200 3.326602e-01 -6.355217e-05 -2.508829e-04 -9.528396e-04 -3.110286e-03 -5.832477e-03 -2.136051e-03
 00300 4.525040e-01 -1.240516e-04 -4.889902e-04 -1.846077e-03 -5.888006e-03 -1.011587e-02 -2.669138e-03
 00400 5.588865e-01 -2.026451e-04 -7.976986e-04 -2.995122e-03 -9.358371e-03 -1.491947e-02 -2.703723e-03
 00500 6.566834e-01 -3.002393e-04 -1.180175e-03 -4.406269e-03 -1.348800e-02 -2.004997e-02 -2.234034e-03
 00600 7.484315e-01 -4.184167e-04 -1.642069e-03 -6.092915e-03 -1.824998e-02 -2.530534e-02 -1.262465e-03
 00700 8.356754e-01 -5.595828e-04 -2.192071e-03 -8.077281e-03 -2.362876e-02 -3.049596e-02 1.967438e-04
 00800 9.194406e-01 -7.271646e-04 -2.842558e-03 -1.039166e-02 -2.962302e-02 -3.546280e-02 2.114265e-03
 00900 1.000439e+00 -9.257179e-04 -3.610048e-03 -1.307943e-02 -3.624779e-02 -4.009352e-02 4.442940e-03
 00000 0.000000e+00 2.874728e-14 5.815981e-15 3.220836e-16 -2.473899e-17 -3.348554e-17 -7.018612e-18
 00100 2.056795e-01 -5.727576e-06 -2.221193e-05 -7.821521e-05 -1.766402e-04 2.222825e-04 7.462716e-04
 00200 3.669995e-01 -5.681347e-05 -2.226867e-04 -8.210997e-04 -2.374320e-03 -2.492038e-03 1.056479e-03
 00300 4.988163e-01 -1.573926e-04 -6.174485e-04 -2.284945e-03 -6.737462e-03 -8.402948e-03 6.179400e-04
 00400 6.155288e-01 -3.083909e-04 -1.209279e-03 -4.470232e-03 -1.317914e-02 -1.718609e-02 -5.479479e-04
 00500 7.225976e-01 -5.110125e-04 -2.001926e-03 -7.375551e-03 -2.156911e-02 -2.840577e-02 -2.393824e-03
 00600 8.228810e-01 -7.667255e-04 -2.999294e-03 -1.099357e-02 -3.172616e-02 -4.154683e-02 -4.850814e-03
 00700 9.178559e-01 -1.076053e-03 -4.201003e-03 -1.529352e-02 -4.337960e-02 -5.601347e-02 -7.825376e-03
 00000 0.000000e+00 3.769419e-14 2.960287e-14 1.176344e-14 4.141055e-15 1.615018e-15 3.322411e-16
 00100 2.033538e-01 1.898420e-05 7.548498e-05 2.948650e-04 1.068666e-03 2.772976e-03 1.832892e-03
 00200 3.621829e-01 2.222997e-05 8.937181e-05 3.637152e-04 1.500612e-03 5.041726e-03 4.107568e-03
 00300 4.920622e-01 -2.044719e-06 -4.852191e-06 3.092643e-05 7.288600e-04 5.671465e-03 6.223410e-03
 00400 6.071342e-01 -5.868776e-05 -2.258094e-04 -7.684543e-04 -1.401431e-03 4.545148e-03 8.144166e-03
 00500 7.127973e-01 -1.535891e-04 -5.960874e-04 -2.110088e-03 -5.044668e-03 1.610245e-03 9.845760e-03
 00600 8.119008e-01 -2.938090e-04 -1.142313e-03 -4.078011e-03 -1.033570e-02 -3.102330e-03 1.131491e-02
 00700 9.062153e-01 -4.878184e-04 -1.895403e-03 -6.761337e-03 -1.736843e-02 -9.471542e-03 1.254442e-02
 00800 9.969586e-01 -7.455652e-04 -2.890646e-03 -1.024854e-02 -2.617337e-02 -1.729460e-02 1.352594e-02
 00000 0.000000e+00 1.064597e-13 2.226318e-14 1.960908e-15 2.039982e-16 2.994303e-18 9.374965e-20
 00100 3.350045e-01 -3.020869e-04 -1.156017e-03 -3.890663e-03 -8.331961e-03 -4.988079e-03 -8.081343e-05
 00200 5.879621e-01 -1.113740e-03 -4.212834e-03 -1.358315e-02 -2.529740e-02 -1.131446e-02 -1.639824e-04
 00300 7.961431e-01 -2.533947e-03 -9.467660e-03 -2.929796e-02 -4.891225e-02 -1.730112e-02 -2.211888e-04
 00400 9.821693e-01 -4.748651e-03 -1.743631e-02 -5.131065e-02 -7.715239e-02 -2.253588e-02 -2.535158e-04
 00000 0.000000e+00 -1.491891e-14 -1.172286e-14 -1.427746e-15 2.903757e-16 7.025185e-17 6.985726e-19
 00100 3.054254e-01 1.082130e-04 4.263348e-04 1.592635e-03 4.508460e-03 3.619458e-03 5.880573e-05
 00200 5.337875e-01 2.278172e-04 9.205884e-04 3.718700e-03 1.216585e-02 1.081013e-02 1.780412e-04
 00300 7.219225e-01 2.765423e-04 1.176006e-03 5.412846e-03 2.088302e-02 1.984321e-02 3.273806e-04
 00400 8.900628e-01 1.482184e-04 8.042703e-04 5.521955e-03 2.840383e-02 2.902349e-02 4.778985e-04
 00000 0.000000e+00 -8.175685e-14 -3.192912e-15 2.627748e-15 -1.526191e-16 -2.354690e-17 -1.401159e-19
 00100 3.056221e-01 -1.816722e-04 -6.912352e-04 -2.273960e-03 -4.405569e-03 -1.836157e-03 -2.280863e-05
 00200 5.373084e-01 -6.613392e-04 -2.493192e-03 -7.915650e-03 -1.350202e-02 -3.688488e-03 -3.144957e-05
 00300 7.292657e-01 -1.434760e-03 -5.361062e-03 -1.649813e-02 -2.560281e-02 -4.851312e-03 -1.922559e-05
 00400 9.011053e-01 -2.549767e-03 -9.423440e-03 -2.798425e-02 -3.965645e-02 -5.252447e-03 9.027137e-06
 00000 0.000000e+00 4.191694e-14 3.410547e-15 1.219389e-15 8.254135e-17 -9.712596e-18 -7.652965e-20
 00100 3.305904e-01 -2.084307e-05 -6.668759e-05 -5.474118e-05 1.083975e-03 1.754448e-03 3.034760e-05
 00200 5.798477e-01 -3.405080e-04 -1.233669e-03 -3.287630e-03 -1.332470e-03 4.447138e-03 8.722144e-05
 00300 7.853743e-01 -1.072034e-03 -3.885884e-03 -1.054046e-02 -7.795522e-03 7.627450e-03 1.619086e-04
 00400 9.686924e-01 -2.371957e-03 -8.522351e-03 -2.266480e-02 -1.833866e-02 1.110919e-02 2.492400e-04
 00000 0.000000e+00 -3.298451e-14 -2.557360e-15 2.164296e-16 -2.864012e-16 -1.922805e-17 -3.657337e-19
 00100 3.019890e-01 5.191490e-06 3.289456e-05 2.820991e-04 1.898307e-03 2.640432e-03 5.017382e-05
 00200 5.293865e-01 -1.172271e-04 -3.890416e-04 -5.471641e-04 4.251677e-03 8.496661e-03 1.662259e-04
 00300 7.177037e-01 -3.583211e-04 -1.215512e-03 -2.185482e-03 7.603229e-03 1.669567e-02 3.249004e-04
 00400 8.869322e-01 -7.353177e-04 -2.483113e-03 -4.545569e-03 1.197084e-02 2.599238e-02 4.969801e-04
 00000 0.000000e+00 3.263253e-13 1.507767e-13 -3.346416e-14 -2.477620e-14 -6.791978e-15 -9.219771e-17
 00100 3.209431e-01 1.134712e-04 4.533164e-04 1.775230e-03 5.606010e-03 5.131828e-03 8.728252e-05
 00200 5.592994e-01 1.444798e-04 6.324914e-04 3.139298e-03 1.364058e-02 1.468983e-02 2.537231e-04
 00300 7.545307e-01 3.894977e-05 3.513917e-04 3.639593e-03 2.313116e-02 2.684228e-02 4.608998e-04
 00400 9.283978e-01 -2.926160e-04 -6.934796e-04 2.562800e-03 3.290463e-02 4.013818e-02 6.799261e-04
 00000 0.000000e+00 2.228560e-12 4.806018e-13 1.168632e-13 4.023182e-14 1.246763e-14 1.746057e-16
 00100 3.168610e-01 3.292016e-05 1.338850e-04 5.505764e-04 1.869553e-03 1.721457e-03 2.880967e-05
 00200 5.577314e-01 1.056325e-04 4.416760e-04 1.954543e-03 7.274368e-03 6.748526e-03 1.095383e-04
 00300 7.574143e-01 1.409333e-04 6.349180e-04 3.307248e-03 1.436362e-02 1.377651e-02 2.205865e-04
 00400 9.359153e-01 8.691102e-06 2.347007e-04 3.156349e-03 2.033326e-02 2.114194e-02 3.379764e-04
 00000 0.000000e+00 -4.081789e-13 -8.746865e-14 -2.791387e-14 -1.194251e-14 -2.844546e-15 -4.011233e-17
 00100 3.139578e-01 -1.137894e-04 -4.074650e-04 -1.021980e-03 8.540996e-05 2.140110e-03 4.360899e-05
 00200 5.511381e-01 -8.542903e-04 -3.138909e-03 -8.996543e-03 -9.865735e-03 1.890687e-03 6.183634e-05
 00300 7.464670e-01 -2.257811e-03 -8.292516e-03 -2.393834e-02 -2.985357e-02 -1.692722e-03 3.746308e-05
 00400 9.203311e-01 -4.339539e-03 -1.583236e-02 -4.506130e-02 -5.769166e-02 -8.258668e-03 -2.650576e-05
 00000 0.000000e+00 -7.757462e-13 -3.188408e-13 -8.916263e-14 -2.155837e-14 -2.653092e-15 -3.347538e-17
 00100 3.242364e-01 -4.649847e-04 -1.781854e-03 -6.026464e-03 -1.288966e-02 -6.661981e-03 -8.884528e-05
 00200 5.697113e-01 -1.356551e-03 -5.156241e-03 -1.692934e-02 -3.315682e-02 -1.465820e-02 -1.834033e-04
 00300 7.724219e-01 -2.591230e-03 -9.755965e-03 -3.101825e-02 -5.602054e-02 -2.174263e-02 -2.569763e-04
 00400 9.532646e-01 -4.205099e-03 -1.562914e-02 -4.772312e-02 -7.896651e-02 -2.717887e-02 -3.042347e-04
 00000 0.000000e+00 1.843389e-12 7.323807e-13 2.506274e-13 8.052960e-14 1.887984e-14 2.583870e-16
 00100 3.433291e-01 -3.547936e-04 -1.363620e-03 -4.663633e-03 -1.039801e-02 -6.045830e-03 -8.861689e-05
 00200 6.007281e-01 -9.781301e-04 -3.729546e-03 -1.239502e-02 -2.543217e-02 -1.284961e-02 -1.784895e-04
 00300 8.129494e-01 -1.780646e-03 -6.722192e-03 -2.160319e-02 -4.072781e-02 -1.805610e-02 -2.382492e-04
 00000 0.000000e+00 1.511502e-13 1.647444e-14 -1.034097e-14 -7.815149e-17 4.939633e-16 6.471841e-18
 00100 3.385036e-01 -2.960124e-04 -1.100888e-03 -3.305631e-03 -4.427217e-03 1.924869e-04 2.141297e-05
 00200 5.955870e-01 -1.350189e-03 -4.988060e-03 -1.465070e-02 -1.863733e-02 2.857426e-04 6.357679e-05
 00300 8.105369e-01 -3.181139e-03 -1.163999e-02 -3.321920e-02 -4.012404e-02 1.095927e-04 1.114592e-04
 00000 0.000000e+00 -2.153763e-12 -4.405047e-13 -1.381517e-13 -5.979964e-14 -1.155811e-14 -1.573267e-16
 00100 3.152163e-01 1.115920e-04 4.402190e-04 1.646732e-03 4.477072e-03 2.586991e-03 2.649217e-05
 00200 5.525134e-01 -6.856699e-05 -1.970760e-04 1.417645e-04 5.174504e-03 5.420228e-03 6.395389e-05
 00300 7.481009e-01 -7.101276e-04 -2.514997e-03 -6.103802e-03 9.818887e-05 7.986717e-03 1.130099e-04
 00400 9.227489e-01 -1.942730e-03 -6.901038e-03 -1.758440e-02 -1.032818e-02 1.053053e-02 1.797983e-04
 00000 0.000000e+00 -2.986035e-12 -5.688113e-13 -5.786627e-14 -5.609122e-15 3.140326e-15 4.879534e-17
 00100 3.480989e-01 -5.168281e-05 -1.866706e-04 -4.912633e-04 -2.205665e-04 -9.388896e-07 -9.950037e-06
 00200 6.093343e-01 -6.270194e-04 -2.329088e-03 -6.991552e-03 -9.920409e-03 -3.275234e-03 -7.207892e-05
 00300 8.244413e-01 -2.010664e-03 -7.414104e-03 -2.184809e-02 -3.086155e-02 -9.595186e-03 -1.743370e-04
 00000 0.000000e+00 -2.088723e-13 -1.336690e-13 -4.070716e-14 -2.322835e-14 -2.507280e-15 -3.126617e-17
 00100 3.273429e-01 -1.930255e-04 -7.256678e-04 -2.271303e-03 -3.456613e-03 9.076370e-05 1.912766e-05
 00200 5.751008e-01 -8.028997e-04 -2.998649e-03 -9.171889e-03 -1.313604e-02 3.506442e-04 6.248517e-05
 00300 7.801048e-01 -1.773813e-03 -6.554442e-03 -1.937202e-02 -2.564462e-02 1.202085e-03 1.215080e-04
 00400 9.636080e-01 -3.110997e-03 -1.130707e-02 -3.182451e-02 -3.794570e-02 3.023434e-03 1.890124e-04
 00000 0.000000e+00 -1.060911e-12 -6.027858e-13 -1.877481e-13 -3.509272e-14 -7.258001e-15 -1.004542e-16
 00100 3.205342e-01 -6.802031e-05 -2.479064e-04 -6.740046e-04 -2.951467e-04 9.231011e-04 1.752397e-05
 00200 5.614595e-01 -5.104374e-04 -1.883361e-03 -5.464611e-03 -5.807819e-03 2.513133e-03 6.673575e-05
 00300 7.593334e-01 -1.363453e-03 -5.001385e-03 -1.429781e-02 -1.564464e-02 4.451551e-03 1.364093e-04
 00400 9.353492e-01 -2.668820e-03 -9.675971e-03 -2.676369e-02 -2.811675e-02 6.585944e-03 2.147552e-04
 00000 0.000000e+00 9.805555e-13 7.678414e-14 -1.060467e-15 -1.016618e-15 -2.678819e-16 -2.321072e-18
 00100 2.987903e-01 -2.604430e-04 -9.700952e-04 -2.939625e-03 -4.319326e-03 -1.190017e-03 -1.784508e-05
 00200 5.261478e-01 -1.269751e-03 -4.701651e-03 -1.395213e-02 -1.904929e-02 -3.399006e-03 -3.648874e-05
 00300 7.156295e-01 -3.045687e-03 -1.118623e-02 -3.238358e-02 -4.203803e-02 -6.263182e-03 -5.260142e-05
 00400 8.863236e-01 -5.591096e-03 -2.028168e-02 -5.674251e-02 -6.979255e-02 -9.561197e-03 -6.930395e-05
 00000 0.000000e+00 1.807220e-12 4.731764e-13 1.281484e-13 3.907062e-14 1.452351e-14 2.056871e-16
 00100 3.326853e-01 -3.775698e-06 5.197711e-06 2.764637e-04 2.624748e-03 4.290349e-03 8.767676e-05
 00200 5.825126e-01 -3.372593e-04 -1.216014e-03 -3.141460e-03 2.012854e-04 8.715286e-03 1.959107e-04
 00300 7.887287e-01 -9.877111e-04 -3.591167e-03 -9.822103e-03 -6.522357e-03 1.202326e-02 2.901508e-04
 00400 9.733717e-01 -1.977583e-03 -7.150640e-03 -1.945202e-02 -1.648646e-02 1.374809e-02 3.535415e-04
 00000 0.000000e+00 -1.058527e-12 -4.423179e-13 -1.758494e-13 -6.633309e-14 -1.268039e-14 -1.702937e-16
 00100 3.103772e-01 1.132935e-04 4.554915e-04 1.816908e-03 5.962986e-03 5.673524e-03 9.827230e-05
 00200 5.452495e-01 -1.299474e-05 3.391644e-05 1.174951e-03 9.880859e-03 1.299564e-02 2.307319e-04
 00300 7.402735e-01 -5.076844e-04 -1.730517e-03 -3.246080e-03 9.328550e-03 1.970126e-02 3.549236e-04
 00400 9.150690e-01 -1.525478e-03 -5.362390e-03 -1.263258e-02 3.063211e-03 2.471617e-02 4.498732e-04
 00000 0.000000e+00 4.481856e-13 3.975137e-13 1.653853e-13 1.570138e-14 -2.865730e-15 -4.180620e-17
 00100 3.039351e-01 2.320348e-04 9.124186e-04 3.391347e-03 9.659646e-03 8.483845e-03 1.498705e-04
 00200 5.347248e-01 3.298717e-04 1.332056e-03 5.384850e-03 1.808728e-02 1.797156e-02 3.231258e-04
 00300 7.269128e-01 2.138326e-04 9.534368e-04 4.907804e-03 2.207878e-02 2.483760e-02 4.500272e-04
 00400 9.001917e-01 -1.426991e-04 -3.143626e-04 1.725780e-03 2.083415e-02 2.758591e-02 4.990480e-04
 00000 0.000000e+00 -8.413843e-13 -4.244576e-13 -2.217729e-14 1.215462e-14 2.776403e-15 3.719458e-17
 00100 3.077788e-01 -8.009840e-06 -1.717964e-05 1.138485e-04 1.434015e-03 1.848144e-03 2.988570e-05
 00200 5.407875e-01 -2.002288e-04 -6.881589e-04 -1.351247e-03 3.405943e-03 7.543204e-03 1.335927e-04
 00300 7.311338e-01 -6.769020e-04 -2.350948e-03 -5.108827e-03 5.366253e-03 1.623955e-02 2.946748e-04
 00400 8.984294e-01 -1.559705e-03 -5.390827e-03 -1.182349e-02 6.858221e-03 2.678786e-02 4.892172e-04
 00000 0.000000e+00 -2.327086e-11 1.099635e-12 -6.565172e-13 -1.287595e-14 -3.308722e-22 -1.880791e-37
 00100 9.303431e-01 -3.725557e-02 -5.990641e-02 -1.982398e-02 -2.427813e-04 -9.016787e-12 -6.310887e-29
 00000 0.000000e+00 3.324178e-11 -4.495807e-12 -5.225355e-13 -4.006878e-15 -1.596459e-22 -1.910178e-38
 00100 9.361166e-01 -1.673032e-02 -1.247321e-02 1.223540e-02 2.701572e-04 1.016787e-11 -5.364254e-29
 00000 0.000000e+00 8.281183e-11 2.095078e-11 2.062988e-12 2.713450e-14 1.118348e-21 -1.116720e-37
 00100 8.822150e-01 -1.696241e-02 -2.177889e-02 -1.023253e-03 2.276162e-05 8.802403e-13 2.465190e-29
 00000 0.000000e+00 -1.467919e-11 1.081019e-11 4.314768e-12 6.043397e-14 2.279710e-21 5.877472e-39
 00100 8.588831e-01 -1.362039e-02 -1.278824e-02 6.999488e-03 1.762867e-04 6.565415e-12 1.009742e-28
 00000 0.000000e+00 -8.511005e-12 2.766057e-12 -7.985170e-13 -1.710590e-14 -6.192739e-22 0.000000e+00
 00100 8.868889e-01 -2.855409e-02 -4.014834e-02 -7.120938e-03 -4.023396e-05 -1.509903e-12 -2.524355e-29
 00000 0.000000e+00 3.011462e-11 7.581478e-12 6.385793e-13 -1.894563e-13 -2.808933e-15 -1.058791e-22
 00100 5.493895e-01 -1.983300e-04 5.590724e-05 4.975248e-03 7.235846e-03 1.244710e-04 4.689582e-12
 00200 9.478902e-01 -5.218014e-03 -1.294139e-02 -3.437021e-03 1.572930e-02 3.020611e-04 1.136868e-11
 00000 0.000000e+00 1.308554e-12 1.299288e-12 1.357151e-12 3.996885e-13 5.633974e-15 2.115514e-22
 00100 5.357871e-01 -1.530380e-04 3.071153e-05 3.722137e-03 5.379773e-03 9.242603e-05 3.463896e-12
 00200 9.258724e-01 -3.856143e-03 -9.530231e-03 -1.465984e-03 1.397892e-02 2.719306e-04 1.023182e-11
 00000 0.000000e+00 4.075801e-11 1.299628e-11 2.904170e-12 2.428020e-13 2.986013e-15 1.075335e-22
 00100 5.105150e-01 -1.178693e-03 -3.100488e-03 -6.172014e-04 5.767786e-03 1.158894e-04 4.376943e-12
 00200 8.783965e-01 -7.571870e-03 -1.990502e-02 -1.268045e-02 1.606011e-02 3.381124e-04 1.250555e-11
 00000 0.000000e+00 -3.339300e-11 -1.193881e-11 -2.303379e-12 -2.695228e-13 -3.238775e-15 -1.215956e-22
 00100 5.465137e-01 -2.939557e-03 -9.049454e-03 -1.359071e-02 -1.685059e-03 5.025268e-06 1.705303e-13
 00200 9.461232e-01 -1.315088e-02 -3.690155e-02 -4.358466e-02 1.894732e-03 1.545890e-04 6.025402e-12
 00000 0.000000e+00 4.817907e-11 1.933438e-11 4.995733e-12 8.390888e-13 1.128237e-14 4.249640e-22
 00100 5.620356e-01 1.972954e-05 6.202993e-04 4.939441e-03 5.517513e-03 8.499112e-05 3.048228e-12
 00200 9.727485e-01 -5.713317e-03 -1.617027e-02 -1.804725e-02 1.647769e-03 6.145455e-05 2.472689e-12
 00000 0.000000e+00 -9.191926e-13 -1.217299e-13 -2.394967e-14 -7.564064e-15 -1.562652e-15 -2.254832e-17
 00100 3.066518e-01 -2.459385e-04 -9.031279e-04 -2.565691e-03 -2.354766e-03 1.879959e-03 5.051857e-05
 00200 5.386314e-01 -1.271154e-03 -4.667912e-03 -1.335547e-02 -1.449629e-02 3.743071e-03 1.210221e-04
 00300 7.307681e-01 -3.115760e-03 -1.136933e-02 -3.200218e-02 -3.525465e-02 4.703783e-03 1.890455e-04
 00400 9.029032e-01 -5.798900e-03 -2.092186e-02 -5.719112e-02 -6.175287e-02 4.410505e-03 2.414602e-04
 00000 0.000000e+00 6.574282e-13 1.554683e-13 9.047002e-14 3.681385e-14 6.550717e-15 8.749621e-17
 00100 3.065648e-01 -2.950177e-05 -8.993177e-05 -1.827604e-05 1.701455e-03 1.989092e-03 2.748940e-05
 00200 5.376482e-01 -5.909443e-04 -2.150190e-03 -5.897530e-03 -4.740060e-03 2.576701e-03 4.542184e-05
 00300 7.292650e-01 -1.786391e-03 -6.526066e-03 -1.842571e-02 -2.056429e-02 6.524457e-04 3.942545e-05
 00400 9.013337e-01 -3.705346e-03 -1.346259e-02 -3.772640e-02 -4.527876e-02 -3.994483e-03 6.561120e-06
 00000 0.000000e+00 -1.036098e-12 -3.640394e-13 -1.291286e-13 -2.261432e-14 -2.865232e-15 -3.855707e-17
 00100 3.218719e-01 -2.528906e-04 -9.665221e-04 -3.233274e-03 -6.650441e-03 -3.153654e-03 -4.080986e-05
 00200 5.643340e-01 -7.721921e-04 -2.922773e-03 -9.429564e-03 -1.718562e-02 -6.018272e-03 -6.475177e-05
 00300 7.634563e-01 -1.518063e-03 -5.689310e-03 -1.772606e-02 -2.910880e-02 -7.575413e-03 -6.199781e-05
 00400 9.406468e-01 -2.535005e-03 -9.386540e-03 -2.810629e-02 -4.156037e-02 -7.850942e-03 -3.845416e-05
 00000 0.000000e+00 1.918174e-12 7.856005e-13 1.808503e-13 4.074020e-14 5.967788e-15 7.987361e-17
 00100 3.142423e-01 -3.163615e-05 -1.042145e-04 -1.313653e-04 1.391078e-03 2.835040e-03 5.625085e-05
 00200 5.514218e-01 -3.648776e-04 -1.319612e-03 -3.472002e-03 -5.922285e-04 7.241403e-03 1.545592e-04
 00300 7.463887e-01 -9.819502e-04 -3.550331e-03 -9.462604e-03 -4.727721e-03 1.222509e-02 2.640771e-04
 00400 9.197366e-01 -1.895701e-03 -6.792343e-03 -1.767635e-02 -9.746636e-03 1.719101e-02 3.630662e-04
 00000 0.000000e+00 1.787868e-12 4.980368e-13 1.311631e-13 1.281058e-14 2.317844e-16 8.501955e-19
 00100 3.272899e-01 1.863122e-05 8.795576e-05 5.085230e-04 2.564252e-03 2.789404e-03 4.574343e-05
 00200 5.744705e-01 -2.163546e-04 -7.373976e-04 -1.361325e-03 4.406506e-03 9.129418e-03 1.634556e-04
 00300 7.779974e-01 -8.560442e-04 -2.997480e-03 -6.833334e-03 4.251437e-03 1.790923e-02 3.335029e-04
 00400 9.581667e-01 -2.044058e-03 -7.136750e-03 -1.658414e-02 1.883961e-03 2.802238e-02 5.325825e-04
 00000 0.000000e+00 -3.719211e-14 -8.338704e-15 -9.560025e-16 -2.728192e-16 -1.073228e-16 -2.443462e-17
 00100 1.953177e-01 3.161374e-06 1.289742e-05 5.524117e-05 2.551447e-04 8.607272e-04 2.435721e-04
 00200 3.483551e-01 -3.006589e-05 -1.168484e-04 -4.159352e-04 -1.028104e-03 -2.410984e-04 1.057058e-04
 00300 4.737552e-01 -1.061866e-04 -4.146285e-04 -1.506306e-03 -4.124093e-03 -3.834331e-03 -6.212101e-04
 00400 5.849991e-01 -2.269219e-04 -8.866251e-04 -3.231300e-03 -9.020328e-03 -9.860011e-03 -2.003134e-03
 00500 6.871396e-01 -3.945418e-04 -1.540883e-03 -5.608926e-03 -1.568460e-02 -1.820714e-02 -4.079826e-03
 00600 7.827658e-01 -6.116917e-04 -2.386267e-03 -8.654605e-03 -2.405376e-02 -2.871661e-02 -6.857043e-03
 00700 8.734226e-01 -8.810693e-04 -3.431441e-03 -1.237669e-02 -3.402834e-02 -4.118936e-02 -1.030053e-02
 00800 9.600670e-01 -1.205297e-03 -4.683448e-03 -1.677066e-02 -4.546773e-02 -5.538634e-02 -1.433009e-02
 00000 0.000000e+00 1.214276e-13 4.819354e-14 1.260527e-14 2.202965e-15 5.650508e-16 2.842401e-18
 00100 2.044031e-01 6.065005e-06 2.429378e-05 9.738887e-05 3.851592e-04 1.241104e-03 1.152844e-03
 00200 3.641087e-01 -6.445218e-06 -2.433173e-05 -7.638149e-05 -4.043989e-05 1.499846e-03 2.630755e-03
 00300 4.938096e-01 -4.199427e-05 -1.634695e-04 -5.867067e-04 -1.480105e-03 3.399879e-04 4.059374e-03
 00400 6.079406e-01 -1.015104e-04 -3.964715e-04 -1.441819e-03 -3.917153e-03 -2.104650e-03 5.410709e-03
 00500 7.119926e-01 -1.868447e-04 -7.300992e-04 -2.660605e-03 -7.351753e-03 -5.700899e-03 6.653728e-03
 00600 8.088394e-01 -3.007744e-04 -1.174569e-03 -4.272017e-03 -1.179863e-02 -1.033102e-02 7.751612e-03
 00700 9.002343e-01 -4.469696e-04 -1.743225e-03 -6.313560e-03 -1.728185e-02 -1.590112e-02 8.660330e-03
 00800 9.873518e-01 -6.298497e-04 -2.452346e-03 -8.828560e-03 -2.382706e-02 -2.234372e-02 9.329246e-03
 00000 0.000000e+00 -4.806438e-14 -1.276500e-14 -6.180412e-16 3.697483e-16 6.048081e-17 -8.578039e-17
 00100 2.128206e-01 1.929468e-06 7.917872e-06 3.457279e-05 1.710413e-04 7.303124e-04 6.378026e-04
 00200 3.819161e-01 -2.979022e-05 -1.165462e-04 -4.263264e-04 -1.183673e-03 -8.102069e-04 8.754850e-04
 00300 5.212393e-01 -1.065219e-04 -4.179301e-04 -1.546964e-03 -4.551637e-03 -5.393093e-03 4.317200e-04
 00400 6.453431e-01 -2.377247e-04 -9.326488e-04 -3.453976e-03 -1.023191e-02 -1.322498e-02 -6.911622e-04
 00500 7.588038e-01 -4.335428e-04 -1.699322e-03 -6.273339e-03 -1.845564e-02 -2.429776e-02 -2.450810e-03
 00600 8.645684e-01 -7.064864e-04 -2.764523e-03 -1.014673e-02 -2.941724e-02 -3.846238e-02 -4.784027e-03
 00700 9.640845e-01 -1.069595e-03 -4.174737e-03 -1.519300e-02 -4.315577e-02 -5.533537e-02 -7.602584e-03
 00000 0.000000e+00 1.361150e-14 -4.431748e-15 -8.762926e-16 -1.938172e-16 -8.273073e-17 -1.031731e-17
 00100 1.959178e-01 -5.153648e-06 -1.984771e-05 -6.788987e-05 -1.302234e-04 2.970330e-04 4.971520e-04
 00200 3.496554e-01 -5.361321e-05 -2.092738e-04 -7.593110e-04 -2.050759e-03 -1.383989e-03 1.361595e-03
 00300 4.746915e-01 -1.475762e-04 -5.766891e-04 -2.102307e-03 -5.820130e-03 -5.118943e-03 2.524594e-03
 00400 5.848630e-01 -2.862476e-04 -1.118437e-03 -4.075633e-03 -1.130696e-02 -1.057168e-02 4.040824e-03
 00500 6.854378e-01 -4.698036e-04 -1.834311e-03 -6.667305e-03 -1.838444e-02 -1.739199e-02 5.955139e-03
 00600 7.791656e-01 -6.992216e-04 -2.726993e-03 -9.871988e-03 -2.692426e-02 -2.523166e-02 8.295715e-03
 00700 8.677176e-01 -9.762417e-04 -3.801516e-03 -1.368782e-02 -3.678914e-02 -3.375681e-02 1.106798e-02
 00800 9.522020e-01 -1.303074e-03 -5.064634e-03 -1.811289e-02 -4.782680e-02 -4.265872e-02 1.424953e-02
 00000 0.000000e+00 -1.650972e-13 -5.110555e-14 -1.654740e-14 -4.354158e-15 -7.615744e-16 -1.077314e-16
 00100 1.975306e-01 -4.078797e-05 -1.617164e-04 -6.246606e-04 -2.177349e-03 -5.166937e-03 -3.426611e-03
 00200 3.517397e-01 -9.931496e-05 -3.933129e-04 -1.512318e-03 -5.183152e-03 -1.169005e-02 -7.183777e-03
 00300 4.772639e-01 -1.651237e-04 -6.531612e-04 -2.499525e-03 -8.417359e-03 -1.799272e-02 -1.011919e-02
 00400 5.879249e-01 -2.402919e-04 -9.492123e-04 -3.613334e-03 -1.193640e-02 -2.408115e-02 -1.221654e-02
 00500 6.889502e-01 -3.276484e-04 -1.292199e-03 -4.888969e-03 -1.580510e-02 -2.994279e-02 -1.347243e-02
 00600 7.830552e-01 -4.305569e-04 -1.694964e-03 -6.367284e-03 -2.008709e-02 -3.554027e-02 -1.389573e-02
 00700 8.718888e-01 -5.530179e-04 -2.172260e-03 -8.092804e-03 -2.483793e-02 -4.081460e-02 -1.350719e-02
 00800 9.565488e-01 -6.994829e-04 -2.740524e-03 -1.011240e-02 -3.010246e-02 -4.569726e-02 -1.234026e-02
 